0	0
0	0
0	0
0	0
0	0
0	0
0	0
0	0
0	0
0	0
0	0
0	0
0	0
0	0
0	0
0	0
0	0
0	0
0	0
0	0
0	0
0	0
0	0.000420433046037419
0	0.000440237728373322
0	0.00044937761200737
0	0.000503905265810028
0	0.000504133897963299
0	0.000538677009265244
0	0.000658761528326746
0	0.000669747505190543
0	0.000786348981678069
0	0.000811424862057774
0	0.000813008130081301
0	0.000826719576719577
0	0.000862812769628991
0	0.00102480016396803
0	0.00104297037964122
0	0.00118357202035744
0	0.00118539592223803
0	0.00120569086086327
0	0.00122654237703913
0	0.00125707102451289
0	0.00139107854956877
0	0.00141472731131074
0	0.00141616314199396
0	0.00143129770992366
0	0.00147224812288364
0	0.00150557061126167
0	0.0015172204521317
0	0.00156985871271586
0	0.00161082474226804
0	0.00163145444163472
0	0.00173400381480839
0	0.00219375219375219
0	0.00223114680946006
0	0.00233918128654971
0	0.00250145918452431
0	0.0027183762232693
0	0.00282965478211658
0	0.00288600288600289
0	0.00292782901478554
0	0.00348796651552145
0	0.00395256916996047
0
0
0
0
0
0
0
0
0
0
0
0
0
0
0
0
0
0
0
0
0
0
0
0
0
0
0
0
0
0
0
0
0
0
0
0
0
0
0
0
0
0
0
0
0
0
0
0
0
0
0
0
0
0
0
0
0
0
0
0
0
0
0
0
0
0
0
0
0
0
0
0
0
0
0.000336881821856893
0.000341600054656009
0.000366300366300366
0.000374083495436181
0.000389044506691566
0.000394477317554241
0.000401155327342747
0.000407000407000407
0.00040711639457721
0.000420521446593776
0.000432900432900433
0.000446428571428571
0.00044913541432742
0.000464123271140815
0.00047523999619808
0.000475646879756469
0.000482788586877806
0.000491207387759112
0.000491424640031451
0.000505050505050505
0.000508130081300813
0.000518941359626362
0.000533049040511727
0.000533504054630815
0.000543271581463574
0.000543596434007393
0.000546448087431694
0.000552791597567717
0.000572540936676972
0.000573394495412844
0.000583566760037348
0.000592697961119014
0.000606722485135299
0.000616370808678501
0.000629128656810318
0.000672043010752688
0.000682500682500682
0.000683060109289617
0.000691706439786954
0.000700280112044818
0.000704572676671599
0.000711794433767528
0.000742418055607112
0.000744047619047619
0.000753295668549906
0.000764525993883792
0.000774293457220286
0.000777363184079602
0.000795070562512423
0.000795734861144267
0.000814730324262669
0.000837942014412603
0.000844594594594595
0.000883236177353824
0.000909008271975275
0.000910083727702949
0.000915499404925387
0.000938967136150235
0.000956480153036825
0.000990295107942167
0.00101440454453236
0.001020199959192
0.00102732689541812
0.00106382978723404
0.00106598443662723
0.00107095046854083
0.00108003024084674
0.00111222333444556
0.00111744328975304
0.00114521300961979
0.0011602274045713
0.00119047619047619
0.00119260584376863
0.00119731800766284
0.00120409391932571
0.00120481927710843
0.00121036068748487
0.00124192747143567
0.00125125125125125
0.00125675505843911
0.00126161739349846
0.00126646403242148
0.00126774847870183
0.00127713920817369
0.00128172263522174
0.00130531262237306
0.00132555673382821
0.0013419216317767
0.00136388434260775
0.00136640021862403
0.00138888888888889
0.00141857386041233
0.00142694063926941
0.00145243282498184
0.00148367952522255
0.00148809523809524
0.00150829562594268
0.00151607034566404
0.00154464009885697
0.0015547263681592
0.00159299084030267
0.00159936025589764
0.00166149756313691
0.00167364016736402
0.00167822779145223
0.00168067226890756
0.00175217269414073
0.0017636684303351
0.00176980709102708
0.00177242112725984
0.0017825311942959
0.00178571428571429
0.00178837555886736
0.00179125865775018
0.00182565038795071
0.00182904523838556
0.00185908161368284
0.0018700327255727
0.00189000189000189
0.00191570881226054
0.00195963158926122
0.00196078431372549
0.0019782393669634
0.00200730659600947
0.00201612903225806
0.00207451663762343
0.00207900207900208
0.00209139391404371
0.00211558125595007
0.00219138056975895
0.00221959159514649
0.00225301340542976
0.00225861095426313
0.0023084025854109
0.00235804565176382
0.00237051084508712
0.00240326844508532
0.00240500240500241
0.0024388756783123
0.00248262164846077
0.00255493101686254
0.00255841719256353
0.00260021668472373
0.00261437908496732
0.00263695695167776
0.00272182906913446
0.00275254610514726
0.00284090909090909
0.00285714285714286
0.00289251417331945
0.00291545189504373
0.00293703007518797
0.00297486241261342
0.00301114122252334
0.00302920150248395
0.00304259634888438
0.00311235605353252
0.00317028985507246
0.0031813361611877
0.00319058423142371
0.00319652218386396
0.00326237664138325
0.00331262939958592
0.00331262939958592
0.00332336324360253
0.00335176805765041
0.00335570469798658
0.0034143010438006
0.00347866419294991
0.00349426358394968
0.00350631136044881
0.00356811532148719
0.00357500357500358
0.00364052423548991
0.00369549150036955
0.0037202380952381
0.00375234521575985
0.00381242851696531
0.00391457526858336
0.00391849529780564
0.00394166338194718
0.00431654676258993
0.00432525951557093
0.00438308130615823
0.00440917107583774
0.00442033353425758
0.00469667318982387
0.00480874316939891
0.00481966423005864
0.00491078736290719
0.00500200080032013
0.00506585612968592
0.00508819538670285
0.00550964187327824
0.005720823798627
0.00580720092915215
0.00589309918085921
0.00609119387399931
0.00612745098039216
0.00636132315521629
0.00679347826086957
0.00682710360129715
0.00695859635170734
0.0073759111419646
0.00793650793650794
0.00838486531810083
0.00968992248062015
0.0122549019607843
