0	-50	0	-1
0	-49	0	-1
0	-48	0	-1
0	-47	0	-1
0	-46	0	-1
0	-45	0	-1
0	-44	0	-1
0	-43	0	-1
0	-42	0	-1
0	-41	0	-1
0	-40	0	-1
0	-39	0	-1
0	-38	0	-1
0	-37	0	-1
0	-36	0	-1
0	-35	0	-1
0	-34	0	-1
0	-33	0	-1
0	-32	0	-1
0	-31	0	-1
0	-30	0	-1
0	-29	0	-1
0	-28	0	-1
0	-27	0	-1
0	-26	0	-1
0	-25	0	-1
0	-24	0	-1
0	-23	0	-1
0	-22	0	-1
0	-21	0	-1
0	-20	0	-1
0	-19	0	-1
0	-18	0	-1
0	-17	0	-1
0	-16	0	-1
0	-15	0	-1
0	-14	0	-1
0	-13	0	-1
0	-12	0	-1
0	-11	0	-1
0	-10	0	-1
0	-9	0	-1
0	-8	0	-1
0	-7	0	-1
0	-6	0	-1
0	-5	0	-1
0	-4	0	-1
0	-3	0	-1
0	-2	0	-1
0	-1	0	-1
0	0	7741	0.599793308358093
0	1	0	-1
0	2	0	-1
0	3	0	-1
0	4	0	-1
0	5	0	-1
0	6	0	-1
0	7	0	-1
0	8	0	-1
0	9	0	-1
0	10	0	-1
0	11	0	-1
0	12	0	-1
0	13	0	-1
0	14	0	-1
0	15	0	-1
0	16	0	-1
0	17	0	-1
0	18	0	-1
0	19	0	-1
0	20	0	-1
0	21	0	-1
0	22	0	-1
0	23	0	-1
0	24	0	-1
0	25	0	-1
0	26	0	-1
0	27	0	-1
0	28	0	-1
0	29	0	-1
0	30	0	-1
0	31	0	-1
0	32	0	-1
0	33	0	-1
0	34	0	-1
0	35	0	-1
0	36	0	-1
0	37	0	-1
0	38	0	-1
0	39	0	-1
0	40	0	-1
0	41	0	-1
0	42	0	-1
0	43	0	-1
0	44	0	-1
0	45	0	-1
0	46	0	-1
0	47	0	-1
0	48	0	-1
0	49	0	-1
0	50	0	-1
1	-50	0	-1
1	-49	0	-1
1	-48	0	-1
1	-47	0	-1
1	-46	0	-1
1	-45	0	-1
1	-44	0	-1
1	-43	0	-1
1	-42	0	-1
1	-41	0	-1
1	-40	0	-1
1	-39	0	-1
1	-38	0	-1
1	-37	0	-1
1	-36	0	-1
1	-35	0	-1
1	-34	0	-1
1	-33	0	-1
1	-32	0	-1
1	-31	0	-1
1	-30	0	-1
1	-29	0	-1
1	-28	0	-1
1	-27	0	-1
1	-26	0	-1
1	-25	0	-1
1	-24	0	-1
1	-23	0	-1
1	-22	0	-1
1	-21	0	-1
1	-20	0	-1
1	-19	0	-1
1	-18	0	-1
1	-17	0	-1
1	-16	0	-1
1	-15	0	-1
1	-14	0	-1
1	-13	0	-1
1	-12	0	-1
1	-11	0	-1
1	-10	0	-1
1	-9	0	-1
1	-8	0	-1
1	-7	1	0
1	-6	9	0.555555555555556
1	-5	88	0.420454545454545
1	-4	281	0.505338078291815
1	-3	294	0.510204081632653
1	-2	1470	0.554421768707483
1	-1	418	0.550239234449761
1	0	2419	0.598594460520876
1	1	386	0.634715025906736
1	2	1563	0.658349328214971
1	3	322	0.673913043478261
1	4	390	0.656410256410256
1	5	87	0.701149425287356
1	6	11	0.545454545454545
1	7	1	1
1	8	1	1
1	9	0	-1
1	10	0	-1
1	11	0	-1
1	12	0	-1
1	13	0	-1
1	14	0	-1
1	15	0	-1
1	16	0	-1
1	17	0	-1
1	18	0	-1
1	19	0	-1
1	20	0	-1
1	21	0	-1
1	22	0	-1
1	23	0	-1
1	24	0	-1
1	25	0	-1
1	26	0	-1
1	27	0	-1
1	28	0	-1
1	29	0	-1
1	30	0	-1
1	31	0	-1
1	32	0	-1
1	33	0	-1
1	34	0	-1
1	35	0	-1
1	36	0	-1
1	37	0	-1
1	38	0	-1
1	39	0	-1
1	40	0	-1
1	41	0	-1
1	42	0	-1
1	43	0	-1
1	44	0	-1
1	45	0	-1
1	46	0	-1
1	47	0	-1
1	48	0	-1
1	49	0	-1
1	50	0	-1
2	-50	0	-1
2	-49	0	-1
2	-48	0	-1
2	-47	0	-1
2	-46	0	-1
2	-45	0	-1
2	-44	0	-1
2	-43	0	-1
2	-42	0	-1
2	-41	0	-1
2	-40	0	-1
2	-39	0	-1
2	-38	0	-1
2	-37	0	-1
2	-36	0	-1
2	-35	0	-1
2	-34	0	-1
2	-33	0	-1
2	-32	0	-1
2	-31	0	-1
2	-30	0	-1
2	-29	0	-1
2	-28	0	-1
2	-27	0	-1
2	-26	0	-1
2	-25	0	-1
2	-24	0	-1
2	-23	0	-1
2	-22	0	-1
2	-21	0	-1
2	-20	0	-1
2	-19	0	-1
2	-18	0	-1
2	-17	0	-1
2	-16	0	-1
2	-15	0	-1
2	-14	0	-1
2	-13	0	-1
2	-12	0	-1
2	-11	3	0.333333333333333
2	-10	5	0.2
2	-9	10	0.1
2	-8	26	0.346153846153846
2	-7	58	0.413793103448276
2	-6	158	0.443037974683544
2	-5	206	0.538834951456311
2	-4	478	0.52928870292887
2	-3	466	0.487124463519313
2	-2	1010	0.543564356435644
2	-1	624	0.560897435897436
2	0	1299	0.632024634334103
2	1	610	0.621311475409836
2	2	1106	0.632911392405063
2	3	478	0.665271966527197
2	4	605	0.679338842975207
2	5	265	0.671698113207547
2	6	197	0.685279187817259
2	7	94	0.787234042553192
2	8	22	0.681818181818182
2	9	13	0.692307692307692
2	10	5	1
2	11	2	0.5
2	12	1	1
2	13	0	-1
2	14	0	-1
2	15	0	-1
2	16	0	-1
2	17	0	-1
2	18	0	-1
2	19	0	-1
2	20	0	-1
2	21	0	-1
2	22	0	-1
2	23	0	-1
2	24	0	-1
2	25	0	-1
2	26	0	-1
2	27	0	-1
2	28	0	-1
2	29	0	-1
2	30	0	-1
2	31	0	-1
2	32	0	-1
2	33	0	-1
2	34	0	-1
2	35	0	-1
2	36	0	-1
2	37	0	-1
2	38	0	-1
2	39	0	-1
2	40	0	-1
2	41	0	-1
2	42	0	-1
2	43	0	-1
2	44	0	-1
2	45	0	-1
2	46	0	-1
2	47	0	-1
2	48	0	-1
2	49	0	-1
2	50	0	-1
3	-50	0	-1
3	-49	0	-1
3	-48	0	-1
3	-47	0	-1
3	-46	0	-1
3	-45	0	-1
3	-44	0	-1
3	-43	0	-1
3	-42	0	-1
3	-41	0	-1
3	-40	0	-1
3	-39	0	-1
3	-38	0	-1
3	-37	0	-1
3	-36	0	-1
3	-35	0	-1
3	-34	0	-1
3	-33	0	-1
3	-32	0	-1
3	-31	0	-1
3	-30	0	-1
3	-29	0	-1
3	-28	0	-1
3	-27	0	-1
3	-26	0	-1
3	-25	0	-1
3	-24	0	-1
3	-23	0	-1
3	-22	0	-1
3	-21	0	-1
3	-20	0	-1
3	-19	0	-1
3	-18	0	-1
3	-17	0	-1
3	-16	0	-1
3	-15	0	-1
3	-14	0	-1
3	-13	2	0
3	-12	3	0
3	-11	9	0.333333333333333
3	-10	26	0.461538461538462
3	-9	34	0.411764705882353
3	-8	75	0.4
3	-7	135	0.392592592592593
3	-6	214	0.420560747663551
3	-5	268	0.5
3	-4	501	0.508982035928144
3	-3	495	0.585858585858586
3	-2	777	0.567567567567568
3	-1	666	0.545045045045045
3	0	895	0.593296089385475
3	1	658	0.603343465045593
3	2	868	0.653225806451613
3	3	528	0.630681818181818
3	4	552	0.666666666666667
3	5	379	0.715039577836412
3	6	261	0.770114942528736
3	7	178	0.741573033707865
3	8	107	0.682242990654206
3	9	62	0.806451612903226
3	10	24	0.708333333333333
3	11	15	0.666666666666667
3	12	6	0.833333333333333
3	13	2	1
3	14	0	-1
3	15	1	1
3	16	0	-1
3	17	0	-1
3	18	0	-1
3	19	0	-1
3	20	0	-1
3	21	0	-1
3	22	0	-1
3	23	0	-1
3	24	0	-1
3	25	0	-1
3	26	0	-1
3	27	0	-1
3	28	0	-1
3	29	0	-1
3	30	0	-1
3	31	0	-1
3	32	0	-1
3	33	0	-1
3	34	0	-1
3	35	0	-1
3	36	0	-1
3	37	0	-1
3	38	0	-1
3	39	0	-1
3	40	0	-1
3	41	0	-1
3	42	0	-1
3	43	0	-1
3	44	0	-1
3	45	0	-1
3	46	0	-1
3	47	0	-1
3	48	0	-1
3	49	0	-1
3	50	0	-1
4	-50	0	-1
4	-49	0	-1
4	-48	0	-1
4	-47	0	-1
4	-46	0	-1
4	-45	0	-1
4	-44	0	-1
4	-43	0	-1
4	-42	0	-1
4	-41	0	-1
4	-40	0	-1
4	-39	0	-1
4	-38	0	-1
4	-37	0	-1
4	-36	0	-1
4	-35	0	-1
4	-34	0	-1
4	-33	0	-1
4	-32	0	-1
4	-31	0	-1
4	-30	0	-1
4	-29	0	-1
4	-28	0	-1
4	-27	0	-1
4	-26	0	-1
4	-25	0	-1
4	-24	0	-1
4	-23	0	-1
4	-22	0	-1
4	-21	0	-1
4	-20	0	-1
4	-19	0	-1
4	-18	0	-1
4	-17	0	-1
4	-16	0	-1
4	-15	1	1
4	-14	5	0.4
4	-13	7	0.285714285714286
4	-12	14	0.428571428571429
4	-11	25	0.36
4	-10	49	0.26530612244898
4	-9	68	0.367647058823529
4	-8	130	0.438461538461538
4	-7	188	0.425531914893617
4	-6	250	0.404
4	-5	314	0.468152866242038
4	-4	416	0.480769230769231
4	-3	501	0.570858283433134
4	-2	624	0.556089743589744
4	-1	610	0.590163934426229
4	0	771	0.621271076523995
4	1	694	0.634005763688761
4	2	696	0.629310344827586
4	3	551	0.61524500907441
4	4	533	0.679174484052533
4	5	375	0.709333333333333
4	6	326	0.696319018404908
4	7	231	0.766233766233766
4	8	143	0.748251748251748
4	9	88	0.761363636363636
4	10	56	0.75
4	11	29	0.793103448275862
4	12	26	0.807692307692308
4	13	14	0.928571428571429
4	14	4	1
4	15	1	1
4	16	1	1
4	17	0	-1
4	18	0	-1
4	19	0	-1
4	20	0	-1
4	21	0	-1
4	22	0	-1
4	23	0	-1
4	24	0	-1
4	25	0	-1
4	26	0	-1
4	27	0	-1
4	28	0	-1
4	29	0	-1
4	30	0	-1
4	31	0	-1
4	32	0	-1
4	33	0	-1
4	34	0	-1
4	35	0	-1
4	36	0	-1
4	37	0	-1
4	38	0	-1
4	39	0	-1
4	40	0	-1
4	41	0	-1
4	42	0	-1
4	43	0	-1
4	44	0	-1
4	45	0	-1
4	46	0	-1
4	47	0	-1
4	48	0	-1
4	49	0	-1
4	50	0	-1
5	-50	0	-1
5	-49	0	-1
5	-48	0	-1
5	-47	0	-1
5	-46	0	-1
5	-45	0	-1
5	-44	0	-1
5	-43	0	-1
5	-42	0	-1
5	-41	0	-1
5	-40	0	-1
5	-39	0	-1
5	-38	0	-1
5	-37	0	-1
5	-36	0	-1
5	-35	0	-1
5	-34	0	-1
5	-33	0	-1
5	-32	0	-1
5	-31	0	-1
5	-30	0	-1
5	-29	0	-1
5	-28	0	-1
5	-27	0	-1
5	-26	0	-1
5	-25	0	-1
5	-24	0	-1
5	-23	0	-1
5	-22	0	-1
5	-21	0	-1
5	-20	0	-1
5	-19	0	-1
5	-18	1	1
5	-17	0	-1
5	-16	1	0
5	-15	6	0.333333333333333
5	-14	14	0.5
5	-13	11	0.272727272727273
5	-12	20	0.25
5	-11	58	0.344827586206897
5	-10	64	0.4375
5	-9	92	0.293478260869565
5	-8	145	0.413793103448276
5	-7	202	0.430693069306931
5	-6	310	0.448387096774194
5	-5	332	0.448795180722892
5	-4	415	0.513253012048193
5	-3	485	0.519587628865979
5	-2	544	0.547794117647059
5	-1	599	0.606010016694491
5	0	627	0.59170653907496
5	1	617	0.648298217179903
5	2	638	0.650470219435737
5	3	553	0.64376130198915
5	4	487	0.698151950718686
5	5	373	0.683646112600536
5	6	327	0.715596330275229
5	7	273	0.750915750915751
5	8	182	0.708791208791209
5	9	136	0.735294117647059
5	10	79	0.784810126582278
5	11	61	0.770491803278688
5	12	41	0.804878048780488
5	13	19	0.947368421052632
5	14	10	0.7
5	15	5	1
5	16	11	0.818181818181818
5	17	2	1
5	18	0	-1
5	19	0	-1
5	20	1	1
5	21	0	-1
5	22	0	-1
5	23	0	-1
5	24	0	-1
5	25	0	-1
5	26	0	-1
5	27	0	-1
5	28	0	-1
5	29	0	-1
5	30	0	-1
5	31	0	-1
5	32	0	-1
5	33	0	-1
5	34	0	-1
5	35	0	-1
5	36	0	-1
5	37	0	-1
5	38	0	-1
5	39	0	-1
5	40	0	-1
5	41	0	-1
5	42	0	-1
5	43	0	-1
5	44	0	-1
5	45	0	-1
5	46	0	-1
5	47	0	-1
5	48	0	-1
5	49	0	-1
5	50	0	-1
6	-50	0	-1
6	-49	0	-1
6	-48	0	-1
6	-47	0	-1
6	-46	0	-1
6	-45	0	-1
6	-44	0	-1
6	-43	0	-1
6	-42	0	-1
6	-41	0	-1
6	-40	0	-1
6	-39	0	-1
6	-38	0	-1
6	-37	0	-1
6	-36	0	-1
6	-35	0	-1
6	-34	0	-1
6	-33	0	-1
6	-32	0	-1
6	-31	0	-1
6	-30	0	-1
6	-29	0	-1
6	-28	0	-1
6	-27	0	-1
6	-26	0	-1
6	-25	0	-1
6	-24	0	-1
6	-23	0	-1
6	-22	0	-1
6	-21	0	-1
6	-20	0	-1
6	-19	2	0.5
6	-18	2	0
6	-17	2	0
6	-16	6	0.333333333333333
6	-15	11	0.272727272727273
6	-14	19	0.263157894736842
6	-13	32	0.40625
6	-12	39	0.307692307692308
6	-11	72	0.347222222222222
6	-10	79	0.329113924050633
6	-9	139	0.366906474820144
6	-8	144	0.506944444444444
6	-7	200	0.42
6	-6	282	0.400709219858156
6	-5	338	0.446745562130178
6	-4	424	0.5
6	-3	484	0.553719008264463
6	-2	519	0.539499036608863
6	-1	502	0.587649402390438
6	0	551	0.586206896551724
6	1	540	0.644444444444444
6	2	572	0.638111888111888
6	3	491	0.647657841140529
6	4	478	0.682008368200837
6	5	400	0.7175
6	6	368	0.706521739130435
6	7	293	0.784982935153584
6	8	223	0.717488789237668
6	9	172	0.732558139534884
6	10	133	0.736842105263158
6	11	80	0.85
6	12	55	0.818181818181818
6	13	30	0.866666666666667
6	14	18	0.722222222222222
6	15	17	0.882352941176471
6	16	12	0.833333333333333
6	17	5	0.8
6	18	2	1
6	19	3	1
6	20	0	-1
6	21	1	1
6	22	1	1
6	23	0	-1
6	24	0	-1
6	25	0	-1
6	26	0	-1
6	27	0	-1
6	28	0	-1
6	29	0	-1
6	30	0	-1
6	31	0	-1
6	32	0	-1
6	33	0	-1
6	34	0	-1
6	35	0	-1
6	36	0	-1
6	37	0	-1
6	38	0	-1
6	39	0	-1
6	40	0	-1
6	41	0	-1
6	42	0	-1
6	43	0	-1
6	44	0	-1
6	45	0	-1
6	46	0	-1
6	47	0	-1
6	48	0	-1
6	49	0	-1
6	50	0	-1
7	-50	0	-1
7	-49	0	-1
7	-48	0	-1
7	-47	0	-1
7	-46	0	-1
7	-45	0	-1
7	-44	0	-1
7	-43	0	-1
7	-42	0	-1
7	-41	0	-1
7	-40	0	-1
7	-39	0	-1
7	-38	0	-1
7	-37	0	-1
7	-36	0	-1
7	-35	0	-1
7	-34	0	-1
7	-33	0	-1
7	-32	0	-1
7	-31	0	-1
7	-30	0	-1
7	-29	0	-1
7	-28	0	-1
7	-27	0	-1
7	-26	0	-1
7	-25	0	-1
7	-24	0	-1
7	-23	0	-1
7	-22	0	-1
7	-21	0	-1
7	-20	1	0
7	-19	3	0.333333333333333
7	-18	4	0.25
7	-17	6	0.333333333333333
7	-16	21	0.0476190476190476
7	-15	10	0.4
7	-14	22	0.272727272727273
7	-13	41	0.317073170731707
7	-12	50	0.3
7	-11	64	0.296875
7	-10	100	0.42
7	-9	127	0.377952755905512
7	-8	190	0.378947368421053
7	-7	224	0.433035714285714
7	-6	307	0.420195439739414
7	-5	302	0.456953642384106
7	-4	391	0.480818414322251
7	-3	446	0.497757847533632
7	-2	487	0.57700205338809
7	-1	471	0.596602972399151
7	0	537	0.610800744878957
7	1	526	0.615969581749049
7	2	520	0.651923076923077
7	3	430	0.655813953488372
7	4	450	0.642222222222222
7	5	421	0.736342042755344
7	6	367	0.722070844686649
7	7	288	0.739583333333333
7	8	257	0.75875486381323
7	9	193	0.756476683937824
7	10	165	0.787878787878788
7	11	96	0.791666666666667
7	12	75	0.76
7	13	47	0.851063829787234
7	14	40	0.825
7	15	31	0.935483870967742
7	16	14	0.857142857142857
7	17	4	0.75
7	18	4	1
7	19	4	1
7	20	2	0.5
7	21	1	1
7	22	2	1
7	23	0	-1
7	24	0	-1
7	25	0	-1
7	26	0	-1
7	27	0	-1
7	28	0	-1
7	29	0	-1
7	30	0	-1
7	31	0	-1
7	32	0	-1
7	33	0	-1
7	34	0	-1
7	35	0	-1
7	36	0	-1
7	37	0	-1
7	38	0	-1
7	39	0	-1
7	40	0	-1
7	41	0	-1
7	42	0	-1
7	43	0	-1
7	44	0	-1
7	45	0	-1
7	46	0	-1
7	47	0	-1
7	48	0	-1
7	49	0	-1
7	50	0	-1
8	-50	0	-1
8	-49	0	-1
8	-48	0	-1
8	-47	0	-1
8	-46	0	-1
8	-45	0	-1
8	-44	0	-1
8	-43	0	-1
8	-42	0	-1
8	-41	0	-1
8	-40	0	-1
8	-39	0	-1
8	-38	0	-1
8	-37	0	-1
8	-36	0	-1
8	-35	0	-1
8	-34	0	-1
8	-33	0	-1
8	-32	0	-1
8	-31	0	-1
8	-30	0	-1
8	-29	0	-1
8	-28	0	-1
8	-27	0	-1
8	-26	0	-1
8	-25	0	-1
8	-24	0	-1
8	-23	1	0
8	-22	0	-1
8	-21	0	-1
8	-20	4	0
8	-19	2	0.5
8	-18	5	0.2
8	-17	13	0.153846153846154
8	-16	17	0.235294117647059
8	-15	23	0.347826086956522
8	-14	28	0.214285714285714
8	-13	45	0.222222222222222
8	-12	67	0.328358208955224
8	-11	77	0.298701298701299
8	-10	122	0.327868852459016
8	-9	145	0.372413793103448
8	-8	206	0.412621359223301
8	-7	223	0.399103139013453
8	-6	254	0.440944881889764
8	-5	355	0.461971830985915
8	-4	361	0.457063711911357
8	-3	383	0.514360313315927
8	-2	452	0.537610619469027
8	-1	456	0.543859649122807
8	0	470	0.636170212765957
8	1	509	0.62671905697446
8	2	479	0.670146137787056
8	3	487	0.642710472279261
8	4	412	0.699029126213592
8	5	373	0.707774798927614
8	6	366	0.721311475409836
8	7	326	0.733128834355828
8	8	275	0.763636363636364
8	9	218	0.724770642201835
8	10	154	0.798701298701299
8	11	131	0.885496183206107
8	12	99	0.777777777777778
8	13	49	0.795918367346939
8	14	47	0.851063829787234
8	15	44	0.931818181818182
8	16	24	0.875
8	17	14	0.928571428571429
8	18	11	0.909090909090909
8	19	4	1
8	20	5	1
8	21	2	1
8	22	3	1
8	23	0	-1
8	24	0	-1
8	25	0	-1
8	26	0	-1
8	27	0	-1
8	28	0	-1
8	29	0	-1
8	30	0	-1
8	31	0	-1
8	32	0	-1
8	33	0	-1
8	34	0	-1
8	35	0	-1
8	36	0	-1
8	37	0	-1
8	38	0	-1
8	39	0	-1
8	40	0	-1
8	41	0	-1
8	42	0	-1
8	43	0	-1
8	44	0	-1
8	45	0	-1
8	46	0	-1
8	47	0	-1
8	48	0	-1
8	49	0	-1
8	50	0	-1
9	-50	0	-1
9	-49	0	-1
9	-48	0	-1
9	-47	0	-1
9	-46	0	-1
9	-45	0	-1
9	-44	0	-1
9	-43	0	-1
9	-42	0	-1
9	-41	0	-1
9	-40	0	-1
9	-39	0	-1
9	-38	0	-1
9	-37	0	-1
9	-36	0	-1
9	-35	0	-1
9	-34	0	-1
9	-33	0	-1
9	-32	0	-1
9	-31	0	-1
9	-30	0	-1
9	-29	0	-1
9	-28	0	-1
9	-27	0	-1
9	-26	0	-1
9	-25	1	1
9	-24	0	-1
9	-23	1	0
9	-22	2	0
9	-21	3	0
9	-20	2	0
9	-19	3	0
9	-18	10	0.2
9	-17	17	0.294117647058824
9	-16	18	0.222222222222222
9	-15	21	0.238095238095238
9	-14	36	0.166666666666667
9	-13	59	0.23728813559322
9	-12	80	0.3125
9	-11	102	0.264705882352941
9	-10	111	0.369369369369369
9	-9	160	0.43125
9	-8	207	0.338164251207729
9	-7	230	0.365217391304348
9	-6	281	0.391459074733096
9	-5	295	0.440677966101695
9	-4	362	0.466850828729282
9	-3	363	0.553719008264463
9	-2	419	0.570405727923628
9	-1	447	0.577181208053691
9	0	449	0.572383073496659
9	1	463	0.60475161987041
9	2	489	0.638036809815951
9	3	456	0.675438596491228
9	4	393	0.71501272264631
9	5	395	0.69620253164557
9	6	346	0.748554913294798
9	7	292	0.767123287671233
9	8	286	0.748251748251748
9	9	229	0.786026200873362
9	10	191	0.74869109947644
9	11	132	0.795454545454545
9	12	105	0.914285714285714
9	13	87	0.827586206896552
9	14	59	0.88135593220339
9	15	31	0.903225806451613
9	16	33	0.878787878787879
9	17	31	0.903225806451613
9	18	18	0.833333333333333
9	19	12	1
9	20	6	1
9	21	4	0.75
9	22	2	1
9	23	0	-1
9	24	0	-1
9	25	2	1
9	26	0	-1
9	27	0	-1
9	28	0	-1
9	29	0	-1
9	30	0	-1
9	31	0	-1
9	32	0	-1
9	33	0	-1
9	34	0	-1
9	35	0	-1
9	36	0	-1
9	37	0	-1
9	38	0	-1
9	39	0	-1
9	40	0	-1
9	41	0	-1
9	42	0	-1
9	43	0	-1
9	44	0	-1
9	45	0	-1
9	46	0	-1
9	47	0	-1
9	48	0	-1
9	49	0	-1
9	50	0	-1
10	-50	0	-1
10	-49	0	-1
10	-48	0	-1
10	-47	0	-1
10	-46	0	-1
10	-45	0	-1
10	-44	0	-1
10	-43	0	-1
10	-42	0	-1
10	-41	0	-1
10	-40	0	-1
10	-39	0	-1
10	-38	0	-1
10	-37	0	-1
10	-36	0	-1
10	-35	0	-1
10	-34	0	-1
10	-33	0	-1
10	-32	0	-1
10	-31	0	-1
10	-30	0	-1
10	-29	0	-1
10	-28	0	-1
10	-27	0	-1
10	-26	0	-1
10	-25	0	-1
10	-24	2	0.5
10	-23	2	0
10	-22	0	-1
10	-21	4	0
10	-20	3	0.333333333333333
10	-19	8	0.25
10	-18	12	0.0833333333333333
10	-17	23	0.173913043478261
10	-16	18	0.166666666666667
10	-15	40	0.2
10	-14	41	0.317073170731707
10	-13	50	0.32
10	-12	67	0.238805970149254
10	-11	111	0.333333333333333
10	-10	124	0.314516129032258
10	-9	160	0.325
10	-8	230	0.373913043478261
10	-7	242	0.351239669421488
10	-6	257	0.431906614785992
10	-5	324	0.45679012345679
10	-4	347	0.521613832853026
10	-3	359	0.493036211699164
10	-2	389	0.565552699228792
10	-1	439	0.517084282460137
10	0	421	0.584323040380047
10	1	441	0.623582766439909
10	2	445	0.644943820224719
10	3	428	0.696261682242991
10	4	402	0.659203980099503
10	5	373	0.731903485254692
10	6	341	0.774193548387097
10	7	302	0.728476821192053
10	8	280	0.735714285714286
10	9	231	0.761904761904762
10	10	196	0.785714285714286
10	11	139	0.856115107913669
10	12	129	0.883720930232558
10	13	94	0.829787234042553
10	14	71	0.873239436619718
10	15	49	0.897959183673469
10	16	38	0.815789473684211
10	17	40	0.975
10	18	22	0.954545454545455
10	19	16	0.9375
10	20	11	0.909090909090909
10	21	14	0.857142857142857
10	22	4	1
10	23	0	-1
10	24	0	-1
10	25	1	1
10	26	1	1
10	27	0	-1
10	28	0	-1
10	29	0	-1
10	30	0	-1
10	31	0	-1
10	32	0	-1
10	33	0	-1
10	34	0	-1
10	35	0	-1
10	36	0	-1
10	37	0	-1
10	38	0	-1
10	39	0	-1
10	40	0	-1
10	41	0	-1
10	42	0	-1
10	43	0	-1
10	44	0	-1
10	45	0	-1
10	46	0	-1
10	47	0	-1
10	48	0	-1
10	49	0	-1
10	50	0	-1
11	-50	0	-1
11	-49	0	-1
11	-48	0	-1
11	-47	0	-1
11	-46	0	-1
11	-45	0	-1
11	-44	0	-1
11	-43	0	-1
11	-42	0	-1
11	-41	0	-1
11	-40	0	-1
11	-39	0	-1
11	-38	0	-1
11	-37	0	-1
11	-36	0	-1
11	-35	0	-1
11	-34	0	-1
11	-33	0	-1
11	-32	0	-1
11	-31	0	-1
11	-30	0	-1
11	-29	0	-1
11	-28	0	-1
11	-27	0	-1
11	-26	0	-1
11	-25	2	0
11	-24	0	-1
11	-23	5	0
11	-22	3	0.333333333333333
11	-21	2	0
11	-20	5	0
11	-19	12	0.166666666666667
11	-18	9	0.333333333333333
11	-17	24	0.0416666666666667
11	-16	27	0.185185185185185
11	-15	34	0.323529411764706
11	-14	44	0.318181818181818
11	-13	69	0.231884057971014
11	-12	99	0.242424242424242
11	-11	104	0.269230769230769
11	-10	124	0.379032258064516
11	-9	163	0.306748466257669
11	-8	235	0.391489361702128
11	-7	217	0.36405529953917
11	-6	246	0.394308943089431
11	-5	320	0.4
11	-4	339	0.498525073746313
11	-3	374	0.489304812834225
11	-2	375	0.56
11	-1	401	0.56359102244389
11	0	416	0.608173076923077
11	1	432	0.613425925925926
11	2	435	0.629885057471264
11	3	415	0.686746987951807
11	4	383	0.673629242819843
11	5	351	0.715099715099715
11	6	350	0.717142857142857
11	7	294	0.775510204081633
11	8	277	0.794223826714801
11	9	224	0.763392857142857
11	10	194	0.798969072164949
11	11	168	0.839285714285714
11	12	123	0.861788617886179
11	13	105	0.857142857142857
11	14	89	0.842696629213483
11	15	62	0.903225806451613
11	16	48	0.916666666666667
11	17	42	0.952380952380952
11	18	35	0.914285714285714
11	19	24	0.916666666666667
11	20	9	1
11	21	11	1
11	22	6	1
11	23	8	1
11	24	5	0.8
11	25	0	-1
11	26	1	1
11	27	0	-1
11	28	0	-1
11	29	1	1
11	30	0	-1
11	31	0	-1
11	32	0	-1
11	33	0	-1
11	34	0	-1
11	35	0	-1
11	36	0	-1
11	37	0	-1
11	38	0	-1
11	39	0	-1
11	40	0	-1
11	41	0	-1
11	42	0	-1
11	43	0	-1
11	44	0	-1
11	45	0	-1
11	46	0	-1
11	47	0	-1
11	48	0	-1
11	49	0	-1
11	50	0	-1
12	-50	0	-1
12	-49	0	-1
12	-48	0	-1
12	-47	0	-1
12	-46	0	-1
12	-45	0	-1
12	-44	0	-1
12	-43	0	-1
12	-42	0	-1
12	-41	0	-1
12	-40	0	-1
12	-39	0	-1
12	-38	0	-1
12	-37	0	-1
12	-36	0	-1
12	-35	0	-1
12	-34	0	-1
12	-33	0	-1
12	-32	0	-1
12	-31	0	-1
12	-30	0	-1
12	-29	0	-1
12	-28	0	-1
12	-27	0	-1
12	-26	1	0
12	-25	0	-1
12	-24	3	0
12	-23	2	0
12	-22	4	0.25
12	-21	11	0.0909090909090909
12	-20	8	0.25
12	-19	14	0.142857142857143
12	-18	17	0.117647058823529
12	-17	21	0.19047619047619
12	-16	31	0.193548387096774
12	-15	46	0.260869565217391
12	-14	54	0.148148148148148
12	-13	71	0.225352112676056
12	-12	79	0.341772151898734
12	-11	131	0.221374045801527
12	-10	113	0.327433628318584
12	-9	158	0.360759493670886
12	-8	221	0.375565610859729
12	-7	231	0.38961038961039
12	-6	264	0.473484848484849
12	-5	293	0.419795221843003
12	-4	336	0.44047619047619
12	-3	371	0.466307277628032
12	-2	391	0.516624040920716
12	-1	389	0.601542416452442
12	0	400	0.5975
12	1	416	0.598557692307692
12	2	401	0.608478802992519
12	3	402	0.661691542288557
12	4	339	0.734513274336283
12	5	359	0.746518105849582
12	6	334	0.703592814371258
12	7	295	0.738983050847458
12	8	252	0.781746031746032
12	9	238	0.785714285714286
12	10	214	0.850467289719626
12	11	173	0.884393063583815
12	12	133	0.774436090225564
12	13	122	0.852459016393443
12	14	92	0.91304347826087
12	15	85	0.858823529411765
12	16	52	0.884615384615385
12	17	46	0.91304347826087
12	18	36	0.944444444444444
12	19	27	0.925925925925926
12	20	19	0.947368421052632
12	21	19	1
12	22	13	1
12	23	4	1
12	24	6	1
12	25	2	0.5
12	26	1	1
12	27	0	-1
12	28	1	1
12	29	0	-1
12	30	0	-1
12	31	0	-1
12	32	0	-1
12	33	0	-1
12	34	0	-1
12	35	0	-1
12	36	0	-1
12	37	0	-1
12	38	0	-1
12	39	0	-1
12	40	0	-1
12	41	0	-1
12	42	0	-1
12	43	0	-1
12	44	0	-1
12	45	0	-1
12	46	0	-1
12	47	0	-1
12	48	0	-1
12	49	0	-1
12	50	0	-1
13	-50	0	-1
13	-49	0	-1
13	-48	0	-1
13	-47	0	-1
13	-46	0	-1
13	-45	0	-1
13	-44	0	-1
13	-43	0	-1
13	-42	0	-1
13	-41	0	-1
13	-40	0	-1
13	-39	0	-1
13	-38	0	-1
13	-37	0	-1
13	-36	0	-1
13	-35	0	-1
13	-34	0	-1
13	-33	0	-1
13	-32	0	-1
13	-31	0	-1
13	-30	0	-1
13	-29	0	-1
13	-28	0	-1
13	-27	0	-1
13	-26	2	0
13	-25	2	0
13	-24	4	0.5
13	-23	1	0
13	-22	6	0
13	-21	12	0.0833333333333333
13	-20	8	0.125
13	-19	15	0.2
13	-18	20	0.15
13	-17	33	0.242424242424242
13	-16	24	0.25
13	-15	52	0.192307692307692
13	-14	61	0.213114754098361
13	-13	84	0.285714285714286
13	-12	91	0.230769230769231
13	-11	107	0.299065420560748
13	-10	143	0.286713286713287
13	-9	162	0.364197530864198
13	-8	211	0.360189573459716
13	-7	248	0.379032258064516
13	-6	276	0.41304347826087
13	-5	278	0.435251798561151
13	-4	321	0.479750778816199
13	-3	322	0.512422360248447
13	-2	368	0.52445652173913
13	-1	389	0.55012853470437
13	0	415	0.559036144578313
13	1	388	0.610824742268041
13	2	381	0.650918635170604
13	3	384	0.669270833333333
13	4	344	0.691860465116279
13	5	357	0.714285714285714
13	6	334	0.736526946107784
13	7	297	0.737373737373737
13	8	267	0.801498127340824
13	9	236	0.796610169491525
13	10	202	0.792079207920792
13	11	174	0.839080459770115
13	12	151	0.867549668874172
13	13	136	0.867647058823529
13	14	85	0.894117647058824
13	15	84	0.904761904761905
13	16	58	0.879310344827586
13	17	54	0.925925925925926
13	18	44	0.909090909090909
13	19	32	0.9375
13	20	21	1
13	21	23	1
13	22	11	0.909090909090909
13	23	9	0.888888888888889
13	24	5	1
13	25	6	1
13	26	1	1
13	27	0	-1
13	28	1	1
13	29	0	-1
13	30	1	1
13	31	0	-1
13	32	0	-1
13	33	0	-1
13	34	0	-1
13	35	0	-1
13	36	0	-1
13	37	0	-1
13	38	0	-1
13	39	0	-1
13	40	0	-1
13	41	0	-1
13	42	0	-1
13	43	0	-1
13	44	0	-1
13	45	0	-1
13	46	0	-1
13	47	0	-1
13	48	0	-1
13	49	0	-1
13	50	0	-1
14	-50	0	-1
14	-49	0	-1
14	-48	0	-1
14	-47	0	-1
14	-46	0	-1
14	-45	0	-1
14	-44	0	-1
14	-43	0	-1
14	-42	0	-1
14	-41	0	-1
14	-40	0	-1
14	-39	0	-1
14	-38	0	-1
14	-37	0	-1
14	-36	0	-1
14	-35	0	-1
14	-34	0	-1
14	-33	0	-1
14	-32	0	-1
14	-31	0	-1
14	-30	0	-1
14	-29	1	0
14	-28	0	-1
14	-27	0	-1
14	-26	1	1
14	-25	3	0
14	-24	4	0
14	-23	7	0.142857142857143
14	-22	9	0.222222222222222
14	-21	9	0.111111111111111
14	-20	19	0.0526315789473684
14	-19	12	0.0833333333333333
14	-18	16	0
14	-17	36	0.166666666666667
14	-16	40	0.325
14	-15	59	0.203389830508475
14	-14	63	0.285714285714286
14	-13	87	0.241379310344828
14	-12	101	0.257425742574257
14	-11	109	0.284403669724771
14	-10	146	0.315068493150685
14	-9	160	0.375
14	-8	199	0.331658291457286
14	-7	253	0.407114624505929
14	-6	247	0.449392712550607
14	-5	291	0.381443298969072
14	-4	300	0.46
14	-3	309	0.491909385113269
14	-2	381	0.522309711286089
14	-1	358	0.550279329608939
14	0	415	0.590361445783133
14	1	372	0.575268817204301
14	2	393	0.651399491094148
14	3	362	0.674033149171271
14	4	353	0.69971671388102
14	5	329	0.726443768996961
14	6	328	0.734756097560976
14	7	289	0.771626297577855
14	8	266	0.781954887218045
14	9	248	0.790322580645161
14	10	203	0.793103448275862
14	11	174	0.82183908045977
14	12	136	0.838235294117647
14	13	131	0.877862595419847
14	14	118	0.889830508474576
14	15	73	0.904109589041096
14	16	81	0.901234567901235
14	17	59	0.915254237288136
14	18	43	0.953488372093023
14	19	45	0.977777777777778
14	20	30	0.866666666666667
14	21	19	1
14	22	21	1
14	23	14	0.857142857142857
14	24	4	1
14	25	4	1
14	26	4	1
14	27	3	1
14	28	2	1
14	29	1	1
14	30	0	-1
14	31	0	-1
14	32	0	-1
14	33	0	-1
14	34	0	-1
14	35	1	1
14	36	0	-1
14	37	0	-1
14	38	0	-1
14	39	0	-1
14	40	0	-1
14	41	0	-1
14	42	0	-1
14	43	0	-1
14	44	0	-1
14	45	0	-1
14	46	0	-1
14	47	0	-1
14	48	0	-1
14	49	0	-1
14	50	0	-1
15	-50	0	-1
15	-49	0	-1
15	-48	0	-1
15	-47	0	-1
15	-46	0	-1
15	-45	0	-1
15	-44	0	-1
15	-43	0	-1
15	-42	0	-1
15	-41	0	-1
15	-40	0	-1
15	-39	0	-1
15	-38	0	-1
15	-37	0	-1
15	-36	0	-1
15	-35	0	-1
15	-34	0	-1
15	-33	0	-1
15	-32	0	-1
15	-31	0	-1
15	-30	0	-1
15	-29	0	-1
15	-28	1	0
15	-27	0	-1
15	-26	2	0
15	-25	3	0
15	-24	5	0
15	-23	8	0
15	-22	15	0.266666666666667
15	-21	10	0
15	-20	12	0
15	-19	17	0.235294117647059
15	-18	24	0.125
15	-17	45	0.155555555555556
15	-16	34	0.176470588235294
15	-15	61	0.229508196721311
15	-14	74	0.283783783783784
15	-13	80	0.2
15	-12	104	0.25
15	-11	127	0.267716535433071
15	-10	149	0.342281879194631
15	-9	171	0.309941520467836
15	-8	173	0.323699421965318
15	-7	241	0.390041493775934
15	-6	245	0.448979591836735
15	-5	305	0.442622950819672
15	-4	308	0.506493506493506
15	-3	309	0.482200647249191
15	-2	368	0.483695652173913
15	-1	330	0.542424242424242
15	0	389	0.573264781491003
15	1	361	0.631578947368421
15	2	358	0.667597765363129
15	3	341	0.653958944281525
15	4	323	0.721362229102167
15	5	327	0.666666666666667
15	6	307	0.716612377850163
15	7	295	0.745762711864407
15	8	311	0.771704180064309
15	9	239	0.782426778242678
15	10	230	0.8
15	11	174	0.867816091954023
15	12	159	0.867924528301887
15	13	130	0.853846153846154
15	14	125	0.912
15	15	90	0.9
15	16	83	0.939759036144578
15	17	57	0.87719298245614
15	18	61	0.934426229508197
15	19	38	0.973684210526316
15	20	30	0.933333333333333
15	21	22	0.954545454545455
15	22	21	0.904761904761905
15	23	12	0.833333333333333
15	24	15	1
15	25	6	1
15	26	5	1
15	27	5	1
15	28	0	-1
15	29	1	1
15	30	3	1
15	31	1	1
15	32	0	-1
15	33	1	1
15	34	0	-1
15	35	0	-1
15	36	0	-1
15	37	0	-1
15	38	0	-1
15	39	0	-1
15	40	0	-1
15	41	0	-1
15	42	0	-1
15	43	0	-1
15	44	0	-1
15	45	0	-1
15	46	0	-1
15	47	0	-1
15	48	0	-1
15	49	0	-1
15	50	0	-1
16	-50	0	-1
16	-49	0	-1
16	-48	0	-1
16	-47	0	-1
16	-46	0	-1
16	-45	0	-1
16	-44	0	-1
16	-43	0	-1
16	-42	0	-1
16	-41	0	-1
16	-40	0	-1
16	-39	0	-1
16	-38	0	-1
16	-37	0	-1
16	-36	0	-1
16	-35	0	-1
16	-34	0	-1
16	-33	0	-1
16	-32	0	-1
16	-31	0	-1
16	-30	0	-1
16	-29	1	0
16	-28	0	-1
16	-27	1	0
16	-26	1	0
16	-25	5	0
16	-24	6	0.166666666666667
16	-23	8	0
16	-22	11	0.0909090909090909
16	-21	12	0.166666666666667
16	-20	14	0.0714285714285714
16	-19	28	0.214285714285714
16	-18	28	0.142857142857143
16	-17	38	0.184210526315789
16	-16	47	0.170212765957447
16	-15	46	0.195652173913043
16	-14	71	0.225352112676056
16	-13	95	0.2
16	-12	111	0.261261261261261
16	-11	140	0.3
16	-10	142	0.309859154929577
16	-9	165	0.327272727272727
16	-8	184	0.320652173913043
16	-7	240	0.354166666666667
16	-6	262	0.454198473282443
16	-5	271	0.439114391143911
16	-4	341	0.486803519061584
16	-3	298	0.48993288590604
16	-2	358	0.525139664804469
16	-1	319	0.561128526645768
16	0	360	0.597222222222222
16	1	330	0.621212121212121
16	2	356	0.587078651685393
16	3	359	0.671309192200557
16	4	347	0.694524495677233
16	5	322	0.667701863354037
16	6	292	0.756849315068493
16	7	268	0.742537313432836
16	8	277	0.805054151624549
16	9	233	0.733905579399142
16	10	221	0.809954751131222
16	11	203	0.842364532019704
16	12	169	0.887573964497041
16	13	144	0.854166666666667
16	14	111	0.900900900900901
16	15	98	0.918367346938776
16	16	86	0.930232558139535
16	17	61	0.950819672131147
16	18	57	0.929824561403509
16	19	47	0.936170212765957
16	20	43	0.953488372093023
16	21	28	0.964285714285714
16	22	25	0.96
16	23	18	0.888888888888889
16	24	8	1
16	25	10	1
16	26	10	1
16	27	7	1
16	28	1	1
16	29	2	1
16	30	1	1
16	31	1	1
16	32	1	1
16	33	0	-1
16	34	2	1
16	35	0	-1
16	36	0	-1
16	37	0	-1
16	38	0	-1
16	39	0	-1
16	40	0	-1
16	41	0	-1
16	42	0	-1
16	43	0	-1
16	44	0	-1
16	45	0	-1
16	46	0	-1
16	47	0	-1
16	48	0	-1
16	49	0	-1
16	50	0	-1
17	-50	0	-1
17	-49	0	-1
17	-48	0	-1
17	-47	0	-1
17	-46	0	-1
17	-45	0	-1
17	-44	0	-1
17	-43	0	-1
17	-42	0	-1
17	-41	0	-1
17	-40	0	-1
17	-39	0	-1
17	-38	0	-1
17	-37	0	-1
17	-36	0	-1
17	-35	0	-1
17	-34	0	-1
17	-33	0	-1
17	-32	0	-1
17	-31	0	-1
17	-30	1	0
17	-29	1	0
17	-28	0	-1
17	-27	1	0
17	-26	3	0
17	-25	8	0.125
17	-24	7	0
17	-23	11	0.0909090909090909
17	-22	10	0.1
17	-21	16	0.1875
17	-20	14	0.142857142857143
17	-19	22	0.0909090909090909
17	-18	38	0.236842105263158
17	-17	33	0.212121212121212
17	-16	57	0.087719298245614
17	-15	60	0.166666666666667
17	-14	59	0.305084745762712
17	-13	88	0.125
17	-12	119	0.26890756302521
17	-11	126	0.333333333333333
17	-10	154	0.298701298701299
17	-9	180	0.333333333333333
17	-8	199	0.326633165829146
17	-7	232	0.34051724137931
17	-6	242	0.417355371900826
17	-5	275	0.465454545454545
17	-4	293	0.467576791808874
17	-3	332	0.506024096385542
17	-2	341	0.524926686217009
17	-1	320	0.575
17	0	349	0.555873925501433
17	1	310	0.645161290322581
17	2	362	0.671270718232044
17	3	342	0.669590643274854
17	4	361	0.637119113573407
17	5	311	0.678456591639871
17	6	272	0.731617647058823
17	7	297	0.713804713804714
17	8	279	0.817204301075269
17	9	233	0.824034334763948
17	10	204	0.784313725490196
17	11	185	0.810810810810811
17	12	153	0.875816993464052
17	13	149	0.87248322147651
17	14	123	0.861788617886179
17	15	132	0.893939393939394
17	16	91	0.945054945054945
17	17	65	0.907692307692308
17	18	63	0.984126984126984
17	19	48	0.958333333333333
17	20	33	0.939393939393939
17	21	34	0.911764705882353
17	22	20	0.95
17	23	24	0.958333333333333
17	24	22	1
17	25	12	1
17	26	8	1
17	27	2	1
17	28	7	1
17	29	2	1
17	30	1	1
17	31	1	1
17	32	0	-1
17	33	2	1
17	34	1	1
17	35	0	-1
17	36	0	-1
17	37	0	-1
17	38	1	1
17	39	0	-1
17	40	0	-1
17	41	0	-1
17	42	0	-1
17	43	0	-1
17	44	0	-1
17	45	0	-1
17	46	0	-1
17	47	0	-1
17	48	0	-1
17	49	0	-1
17	50	0	-1
18	-50	0	-1
18	-49	0	-1
18	-48	0	-1
18	-47	0	-1
18	-46	0	-1
18	-45	0	-1
18	-44	0	-1
18	-43	0	-1
18	-42	0	-1
18	-41	0	-1
18	-40	0	-1
18	-39	0	-1
18	-38	0	-1
18	-37	0	-1
18	-36	0	-1
18	-35	0	-1
18	-34	0	-1
18	-33	0	-1
18	-32	0	-1
18	-31	1	0
18	-30	0	-1
18	-29	2	0
18	-28	4	0
18	-27	1	0
18	-26	3	0
18	-25	8	0
18	-24	8	0.125
18	-23	10	0
18	-22	12	0.25
18	-21	13	0.0769230769230769
18	-20	28	0.107142857142857
18	-19	22	0.0454545454545455
18	-18	27	0.111111111111111
18	-17	43	0.162790697674419
18	-16	57	0.192982456140351
18	-15	54	0.0925925925925926
18	-14	77	0.246753246753247
18	-13	100	0.2
18	-12	134	0.246268656716418
18	-11	112	0.303571428571429
18	-10	146	0.267123287671233
18	-9	192	0.401041666666667
18	-8	196	0.357142857142857
18	-7	237	0.345991561181435
18	-6	248	0.379032258064516
18	-5	258	0.395348837209302
18	-4	287	0.473867595818815
18	-3	311	0.527331189710611
18	-2	295	0.549152542372881
18	-1	344	0.578488372093023
18	0	344	0.537790697674419
18	1	307	0.638436482084691
18	2	336	0.619047619047619
18	3	345	0.669565217391304
18	4	343	0.638483965014577
18	5	304	0.703947368421053
18	6	306	0.741830065359477
18	7	279	0.741935483870968
18	8	266	0.800751879699248
18	9	235	0.804255319148936
18	10	219	0.821917808219178
18	11	169	0.887573964497041
18	12	188	0.851063829787234
18	13	152	0.855263157894737
18	14	123	0.894308943089431
18	15	120	0.925
18	16	91	0.89010989010989
18	17	76	0.934210526315789
18	18	61	0.967213114754098
18	19	60	0.933333333333333
18	20	29	0.862068965517241
18	21	43	0.976744186046512
18	22	25	0.92
18	23	21	1
18	24	17	1
18	25	15	1
18	26	9	1
18	27	6	1
18	28	8	1
18	29	6	1
18	30	0	-1
18	31	0	-1
18	32	2	1
18	33	5	1
18	34	0	-1
18	35	0	-1
18	36	1	1
18	37	0	-1
18	38	0	-1
18	39	0	-1
18	40	0	-1
18	41	0	-1
18	42	0	-1
18	43	0	-1
18	44	0	-1
18	45	0	-1
18	46	0	-1
18	47	0	-1
18	48	0	-1
18	49	0	-1
18	50	0	-1
19	-50	0	-1
19	-49	0	-1
19	-48	0	-1
19	-47	0	-1
19	-46	0	-1
19	-45	0	-1
19	-44	0	-1
19	-43	0	-1
19	-42	0	-1
19	-41	0	-1
19	-40	0	-1
19	-39	0	-1
19	-38	0	-1
19	-37	0	-1
19	-36	0	-1
19	-35	0	-1
19	-34	0	-1
19	-33	1	0
19	-32	0	-1
19	-31	0	-1
19	-30	1	0
19	-29	1	0
19	-28	4	0
19	-27	1	0
19	-26	6	0
19	-25	6	0.166666666666667
19	-24	4	0.25
19	-23	7	0
19	-22	23	0.0434782608695652
19	-21	21	0.0952380952380952
19	-20	17	0.0588235294117647
19	-19	29	0.172413793103448
19	-18	32	0.09375
19	-17	48	0.145833333333333
19	-16	60	0.133333333333333
19	-15	67	0.164179104477612
19	-14	82	0.231707317073171
19	-13	92	0.239130434782609
19	-12	100	0.2
19	-11	138	0.311594202898551
19	-10	149	0.288590604026846
19	-9	187	0.336898395721925
19	-8	194	0.350515463917526
19	-7	230	0.395652173913043
19	-6	239	0.410041841004184
19	-5	270	0.385185185185185
19	-4	263	0.456273764258555
19	-3	307	0.469055374592834
19	-2	323	0.541795665634675
19	-1	343	0.591836734693878
19	0	303	0.564356435643564
19	1	324	0.623456790123457
19	2	336	0.616071428571429
19	3	318	0.676100628930818
19	4	335	0.677611940298507
19	5	325	0.646153846153846
19	6	297	0.740740740740741
19	7	242	0.789256198347107
19	8	271	0.797047970479705
19	9	244	0.790983606557377
19	10	221	0.819004524886878
19	11	178	0.842696629213483
19	12	157	0.872611464968153
19	13	141	0.843971631205674
19	14	154	0.883116883116883
19	15	114	0.868421052631579
19	16	86	0.930232558139535
19	17	94	0.978723404255319
19	18	70	0.928571428571429
19	19	64	0.984375
19	20	38	0.973684210526316
19	21	35	0.971428571428571
19	22	29	0.96551724137931
19	23	41	0.951219512195122
19	24	16	0.9375
19	25	19	1
19	26	10	1
19	27	10	1
19	28	8	1
19	29	3	1
19	30	3	1
19	31	2	1
19	32	1	1
19	33	2	1
19	34	1	1
19	35	1	1
19	36	0	-1
19	37	2	1
19	38	1	1
19	39	0	-1
19	40	0	-1
19	41	0	-1
19	42	0	-1
19	43	0	-1
19	44	0	-1
19	45	0	-1
19	46	0	-1
19	47	0	-1
19	48	0	-1
19	49	0	-1
19	50	0	-1
20	-50	0	-1
20	-49	0	-1
20	-48	0	-1
20	-47	0	-1
20	-46	0	-1
20	-45	0	-1
20	-44	0	-1
20	-43	0	-1
20	-42	0	-1
20	-41	0	-1
20	-40	0	-1
20	-39	0	-1
20	-38	0	-1
20	-37	0	-1
20	-36	0	-1
20	-35	0	-1
20	-34	0	-1
20	-33	1	0
20	-32	0	-1
20	-31	0	-1
20	-30	2	0
20	-29	2	0
20	-28	2	0
20	-27	4	0
20	-26	7	0
20	-25	5	0
20	-24	10	0.1
20	-23	16	0.125
20	-22	13	0.0769230769230769
20	-21	22	0.0909090909090909
20	-20	32	0.15625
20	-19	21	0.142857142857143
20	-18	40	0.075
20	-17	48	0.125
20	-16	55	0.163636363636364
20	-15	81	0.0987654320987654
20	-14	89	0.303370786516854
20	-13	81	0.197530864197531
20	-12	118	0.211864406779661
20	-11	117	0.290598290598291
20	-10	140	0.242857142857143
20	-9	173	0.323699421965318
20	-8	193	0.362694300518135
20	-7	224	0.383928571428571
20	-6	245	0.457142857142857
20	-5	289	0.41522491349481
20	-4	265	0.433962264150943
20	-3	320	0.434375
20	-2	302	0.526490066225166
20	-1	284	0.51056338028169
20	0	322	0.649068322981366
20	1	314	0.585987261146497
20	2	344	0.630813953488372
20	3	310	0.690322580645161
20	4	322	0.686335403726708
20	5	312	0.705128205128205
20	6	302	0.682119205298013
20	7	256	0.7421875
20	8	264	0.791666666666667
20	9	241	0.842323651452282
20	10	204	0.823529411764706
20	11	204	0.82843137254902
20	12	181	0.883977900552486
20	13	146	0.904109589041096
20	14	118	0.855932203389831
20	15	121	0.87603305785124
20	16	104	0.894230769230769
20	17	107	0.981308411214953
20	18	67	0.955223880597015
20	19	49	0.959183673469388
20	20	48	0.958333333333333
20	21	42	1
20	22	33	0.939393939393939
20	23	28	0.964285714285714
20	24	18	1
20	25	24	1
20	26	18	1
20	27	10	1
20	28	7	1
20	29	8	1
20	30	1	1
20	31	4	1
20	32	3	1
20	33	2	1
20	34	3	1
20	35	0	-1
20	36	1	1
20	37	0	-1
20	38	1	1
20	39	0	-1
20	40	0	-1
20	41	1	1
20	42	0	-1
20	43	0	-1
20	44	0	-1
20	45	0	-1
20	46	0	-1
20	47	0	-1
20	48	0	-1
20	49	0	-1
20	50	0	-1
21	-50	0	-1
21	-49	0	-1
21	-48	0	-1
21	-47	0	-1
21	-46	0	-1
21	-45	0	-1
21	-44	0	-1
21	-43	0	-1
21	-42	0	-1
21	-41	0	-1
21	-40	0	-1
21	-39	0	-1
21	-38	1	0
21	-37	0	-1
21	-36	0	-1
21	-35	0	-1
21	-34	0	-1
21	-33	0	-1
21	-32	0	-1
21	-31	1	0
21	-30	0	-1
21	-29	1	0
21	-28	4	0
21	-27	5	0
21	-26	6	0
21	-25	9	0
21	-24	16	0
21	-23	15	0.2
21	-22	16	0
21	-21	22	0.0454545454545455
21	-20	25	0.16
21	-19	27	0.148148148148148
21	-18	54	0.148148148148148
21	-17	48	0.145833333333333
21	-16	59	0.152542372881356
21	-15	74	0.135135135135135
21	-14	89	0.157303370786517
21	-13	96	0.177083333333333
21	-12	110	0.281818181818182
21	-11	117	0.213675213675214
21	-10	152	0.296052631578947
21	-9	174	0.264367816091954
21	-8	175	0.354285714285714
21	-7	184	0.41304347826087
21	-6	235	0.378723404255319
21	-5	265	0.445283018867925
21	-4	268	0.447761194029851
21	-3	327	0.409785932721713
21	-2	309	0.553398058252427
21	-1	314	0.563694267515924
21	0	327	0.556574923547401
21	1	316	0.613924050632911
21	2	327	0.651376146788991
21	3	307	0.700325732899023
21	4	333	0.672672672672673
21	5	289	0.695501730103806
21	6	284	0.714788732394366
21	7	265	0.709433962264151
21	8	252	0.805555555555556
21	9	241	0.817427385892116
21	10	213	0.845070422535211
21	11	211	0.85781990521327
21	12	152	0.921052631578947
21	13	153	0.875816993464052
21	14	146	0.883561643835616
21	15	120	0.883333333333333
21	16	98	0.908163265306122
21	17	98	0.938775510204082
21	18	78	0.961538461538462
21	19	61	0.967213114754098
21	20	57	0.947368421052632
21	21	36	0.972222222222222
21	22	29	1
21	23	33	1
21	24	17	1
21	25	25	0.96
21	26	28	1
21	27	12	1
21	28	8	1
21	29	4	1
21	30	4	1
21	31	6	1
21	32	5	1
21	33	1	1
21	34	5	1
21	35	0	-1
21	36	1	1
21	37	0	-1
21	38	0	-1
21	39	0	-1
21	40	1	1
21	41	0	-1
21	42	0	-1
21	43	0	-1
21	44	0	-1
21	45	0	-1
21	46	0	-1
21	47	0	-1
21	48	0	-1
21	49	0	-1
21	50	0	-1
22	-50	0	-1
22	-49	0	-1
22	-48	0	-1
22	-47	0	-1
22	-46	0	-1
22	-45	0	-1
22	-44	0	-1
22	-43	0	-1
22	-42	0	-1
22	-41	0	-1
22	-40	0	-1
22	-39	0	-1
22	-38	0	-1
22	-37	0	-1
22	-36	0	-1
22	-35	0	-1
22	-34	1	0
22	-33	0	-1
22	-32	0	-1
22	-31	2	0
22	-30	0	-1
22	-29	2	0
22	-28	5	0
22	-27	6	0
22	-26	4	0
22	-25	11	0
22	-24	15	0
22	-23	19	0
22	-22	22	0.0454545454545455
22	-21	18	0.0555555555555556
22	-20	21	0.0476190476190476
22	-19	44	0.113636363636364
22	-18	51	0.196078431372549
22	-17	52	0.153846153846154
22	-16	75	0.133333333333333
22	-15	72	0.125
22	-14	90	0.144444444444444
22	-13	97	0.206185567010309
22	-12	100	0.25
22	-11	126	0.214285714285714
22	-10	161	0.248447204968944
22	-9	174	0.281609195402299
22	-8	158	0.379746835443038
22	-7	206	0.368932038834951
22	-6	229	0.327510917030568
22	-5	229	0.436681222707424
22	-4	287	0.442508710801394
22	-3	301	0.485049833887043
22	-2	300	0.516666666666667
22	-1	286	0.58041958041958
22	0	351	0.584045584045584
22	1	312	0.586538461538462
22	2	314	0.630573248407643
22	3	287	0.662020905923345
22	4	315	0.707936507936508
22	5	299	0.712374581939799
22	6	278	0.733812949640288
22	7	277	0.76173285198556
22	8	247	0.757085020242915
22	9	221	0.832579185520362
22	10	234	0.884615384615385
22	11	182	0.813186813186813
22	12	181	0.861878453038674
22	13	176	0.880681818181818
22	14	131	0.916030534351145
22	15	121	0.900826446280992
22	16	104	0.932692307692308
22	17	94	0.968085106382979
22	18	62	0.967741935483871
22	19	80	0.925
22	20	51	0.941176470588235
22	21	43	1
22	22	44	0.977272727272727
22	23	35	0.942857142857143
22	24	30	1
22	25	23	0.956521739130435
22	26	22	1
22	27	12	1
22	28	13	1
22	29	11	1
22	30	6	1
22	31	5	1
22	32	6	1
22	33	2	1
22	34	1	1
22	35	2	1
22	36	0	-1
22	37	1	1
22	38	1	1
22	39	2	1
22	40	1	1
22	41	0	-1
22	42	0	-1
22	43	0	-1
22	44	0	-1
22	45	0	-1
22	46	0	-1
22	47	0	-1
22	48	0	-1
22	49	0	-1
22	50	0	-1
23	-50	0	-1
23	-49	0	-1
23	-48	0	-1
23	-47	0	-1
23	-46	0	-1
23	-45	0	-1
23	-44	0	-1
23	-43	0	-1
23	-42	0	-1
23	-41	0	-1
23	-40	0	-1
23	-39	0	-1
23	-38	0	-1
23	-37	0	-1
23	-36	0	-1
23	-35	0	-1
23	-34	2	0
23	-33	0	-1
23	-32	1	0
23	-31	0	-1
23	-30	1	0
23	-29	4	0
23	-28	4	0
23	-27	4	0
23	-26	11	0
23	-25	12	0.0833333333333333
23	-24	13	0
23	-23	17	0
23	-22	14	0
23	-21	25	0
23	-20	28	0.0714285714285714
23	-19	37	0.108108108108108
23	-18	48	0.125
23	-17	58	0.120689655172414
23	-16	71	0.126760563380282
23	-15	88	0.125
23	-14	91	0.164835164835165
23	-13	101	0.178217821782178
23	-12	109	0.192660550458716
23	-11	129	0.263565891472868
23	-10	169	0.260355029585799
23	-9	171	0.245614035087719
23	-8	173	0.341040462427746
23	-7	187	0.358288770053476
23	-6	238	0.394957983193277
23	-5	262	0.408396946564886
23	-4	252	0.464285714285714
23	-3	263	0.467680608365019
23	-2	280	0.542857142857143
23	-1	317	0.586750788643533
23	0	332	0.599397590361446
23	1	316	0.569620253164557
23	2	286	0.597902097902098
23	3	309	0.624595469255663
23	4	323	0.687306501547988
23	5	266	0.718045112781955
23	6	283	0.759717314487632
23	7	261	0.808429118773946
23	8	257	0.793774319066148
23	9	251	0.800796812749004
23	10	209	0.851674641148325
23	11	192	0.833333333333333
23	12	177	0.887005649717514
23	13	159	0.880503144654088
23	14	151	0.960264900662252
23	15	108	0.944444444444444
23	16	97	0.938144329896907
23	17	98	0.948979591836735
23	18	80	0.9625
23	19	59	0.949152542372881
23	20	70	0.928571428571429
23	21	47	0.978723404255319
23	22	45	0.955555555555556
23	23	41	0.975609756097561
23	24	28	1
23	25	22	1
23	26	27	1
23	27	9	1
23	28	11	1
23	29	10	1
23	30	9	1
23	31	5	1
23	32	4	1
23	33	4	1
23	34	7	1
23	35	2	1
23	36	3	1
23	37	1	1
23	38	0	-1
23	39	1	1
23	40	0	-1
23	41	0	-1
23	42	1	1
23	43	0	-1
23	44	0	-1
23	45	0	-1
23	46	0	-1
23	47	0	-1
23	48	0	-1
23	49	0	-1
23	50	0	-1
24	-50	0	-1
24	-49	0	-1
24	-48	0	-1
24	-47	0	-1
24	-46	0	-1
24	-45	0	-1
24	-44	0	-1
24	-43	0	-1
24	-42	0	-1
24	-41	0	-1
24	-40	0	-1
24	-39	0	-1
24	-38	0	-1
24	-37	0	-1
24	-36	1	0
24	-35	0	-1
24	-34	2	0
24	-33	0	-1
24	-32	2	0
24	-31	1	0
24	-30	4	0
24	-29	7	0
24	-28	2	0
24	-27	11	0
24	-26	6	0
24	-25	6	0
24	-24	13	0
24	-23	18	0
24	-22	27	0.037037037037037
24	-21	27	0.037037037037037
24	-20	30	0.0333333333333333
24	-19	43	0.0465116279069767
24	-18	60	0.05
24	-17	52	0.0576923076923077
24	-16	53	0.0943396226415094
24	-15	65	0.2
24	-14	119	0.134453781512605
24	-13	98	0.193877551020408
24	-12	128	0.21875
24	-11	117	0.222222222222222
24	-10	149	0.167785234899329
24	-9	162	0.320987654320988
24	-8	195	0.276923076923077
24	-7	193	0.367875647668394
24	-6	217	0.36405529953917
24	-5	245	0.387755102040816
24	-4	238	0.470588235294118
24	-3	287	0.519163763066202
24	-2	273	0.534798534798535
24	-1	295	0.566101694915254
24	0	328	0.570121951219512
24	1	304	0.585526315789474
24	2	294	0.619047619047619
24	3	291	0.618556701030928
24	4	311	0.688102893890675
24	5	285	0.726315789473684
24	6	275	0.709090909090909
24	7	257	0.817120622568093
24	8	242	0.768595041322314
24	9	237	0.831223628691983
24	10	238	0.886554621848739
24	11	218	0.825688073394495
24	12	173	0.913294797687861
24	13	171	0.929824561403509
24	14	129	0.914728682170543
24	15	121	0.933884297520661
24	16	95	0.957894736842105
24	17	97	0.948453608247423
24	18	94	0.957446808510638
24	19	94	0.957446808510638
24	20	44	0.977272727272727
24	21	44	0.954545454545455
24	22	54	1
24	23	37	1
24	24	30	0.966666666666667
24	25	21	1
24	26	27	1
24	27	21	1
24	28	17	1
24	29	7	1
24	30	9	1
24	31	6	1
24	32	8	1
24	33	4	1
24	34	2	1
24	35	1	1
24	36	4	1
24	37	1	1
24	38	1	1
24	39	1	1
24	40	1	1
24	41	0	-1
24	42	0	-1
24	43	0	-1
24	44	1	1
24	45	0	-1
24	46	0	-1
24	47	0	-1
24	48	0	-1
24	49	0	-1
24	50	0	-1
25	-50	0	-1
25	-49	0	-1
25	-48	0	-1
25	-47	0	-1
25	-46	0	-1
25	-45	0	-1
25	-44	0	-1
25	-43	0	-1
25	-42	0	-1
25	-41	0	-1
25	-40	0	-1
25	-39	0	-1
25	-38	0	-1
25	-37	0	-1
25	-36	2	0
25	-35	1	0
25	-34	0	-1
25	-33	1	0
25	-32	1	0
25	-31	5	0
25	-30	5	0
25	-29	7	0
25	-28	6	0
25	-27	6	0
25	-26	7	0.142857142857143
25	-25	12	0
25	-24	9	0
25	-23	9	0
25	-22	26	0
25	-21	37	0.0810810810810811
25	-20	46	0.0217391304347826
25	-19	46	0.108695652173913
25	-18	47	0.0638297872340425
25	-17	46	0.130434782608696
25	-16	71	0.0422535211267606
25	-15	75	0.0933333333333333
25	-14	81	0.135802469135802
25	-13	108	0.12037037037037
25	-12	133	0.195488721804511
25	-11	132	0.234848484848485
25	-10	168	0.25
25	-9	161	0.304347826086957
25	-8	200	0.245
25	-7	188	0.351063829787234
25	-6	192	0.395833333333333
25	-5	242	0.409090909090909
25	-4	259	0.444015444015444
25	-3	262	0.511450381679389
25	-2	308	0.506493506493506
25	-1	279	0.584229390681004
25	0	294	0.585034013605442
25	1	295	0.616949152542373
25	2	333	0.594594594594595
25	3	298	0.684563758389262
25	4	271	0.656826568265683
25	5	294	0.670068027210884
25	6	253	0.786561264822134
25	7	270	0.777777777777778
25	8	222	0.792792792792793
25	9	229	0.842794759825327
25	10	220	0.854545454545454
25	11	190	0.873684210526316
25	12	195	0.902564102564103
25	13	177	0.909604519774011
25	14	130	0.930769230769231
25	15	141	0.943262411347518
25	16	119	0.949579831932773
25	17	91	0.956043956043956
25	18	79	0.974683544303797
25	19	87	0.942528735632184
25	20	66	0.984848484848485
25	21	40	0.95
25	22	55	1
25	23	31	1
25	24	40	1
25	25	29	1
25	26	26	1
25	27	13	0.923076923076923
25	28	18	1
25	29	12	1
25	30	13	1
25	31	7	1
25	32	5	1
25	33	4	1
25	34	3	1
25	35	2	1
25	36	5	1
25	37	1	1
25	38	2	1
25	39	0	-1
25	40	1	1
25	41	0	-1
25	42	0	-1
25	43	1	1
25	44	0	-1
25	45	0	-1
25	46	1	1
25	47	0	-1
25	48	0	-1
25	49	0	-1
25	50	0	-1
26	-50	0	-1
26	-49	0	-1
26	-48	0	-1
26	-47	0	-1
26	-46	0	-1
26	-45	0	-1
26	-44	0	-1
26	-43	0	-1
26	-42	0	-1
26	-41	0	-1
26	-40	0	-1
26	-39	0	-1
26	-38	0	-1
26	-37	0	-1
26	-36	1	0
26	-35	1	0
26	-34	1	0
26	-33	3	0
26	-32	1	0
26	-31	3	0
26	-30	6	0
26	-29	9	0.111111111111111
26	-28	9	0
26	-27	4	0
26	-26	7	0
26	-25	12	0
26	-24	15	0
26	-23	24	0
26	-22	26	0
26	-21	39	0.0256410256410256
26	-20	35	0.0571428571428571
26	-19	31	0.129032258064516
26	-18	50	0.04
26	-17	67	0.104477611940299
26	-16	59	0.0508474576271186
26	-15	70	0.0857142857142857
26	-14	96	0.104166666666667
26	-13	122	0.163934426229508
26	-12	141	0.170212765957447
26	-11	134	0.208955223880597
26	-10	157	0.191082802547771
26	-9	164	0.347560975609756
26	-8	172	0.296511627906977
26	-7	198	0.308080808080808
26	-6	212	0.363207547169811
26	-5	245	0.416326530612245
26	-4	252	0.444444444444444
26	-3	247	0.481781376518219
26	-2	288	0.482638888888889
26	-1	295	0.549152542372881
26	0	281	0.562277580071174
26	1	287	0.64808362369338
26	2	308	0.662337662337662
26	3	288	0.645833333333333
26	4	283	0.699646643109541
26	5	273	0.725274725274725
26	6	238	0.756302521008403
26	7	277	0.790613718411552
26	8	253	0.754940711462451
26	9	204	0.833333333333333
26	10	213	0.901408450704225
26	11	218	0.894495412844037
26	12	179	0.854748603351955
26	13	155	0.916129032258065
26	14	150	0.946666666666667
26	15	124	0.959677419354839
26	16	128	0.9140625
26	17	102	0.980392156862745
26	18	82	0.975609756097561
26	19	83	0.963855421686747
26	20	58	0.982758620689655
26	21	77	0.987012987012987
26	22	58	0.982758620689655
26	23	41	1
26	24	37	1
26	25	21	1
26	26	27	1
26	27	16	1
26	28	11	1
26	29	16	1
26	30	17	1
26	31	13	0.923076923076923
26	32	8	1
26	33	1	1
26	34	3	1
26	35	5	1
26	36	3	1
26	37	1	1
26	38	0	-1
26	39	3	1
26	40	1	1
26	41	0	-1
26	42	0	-1
26	43	0	-1
26	44	0	-1
26	45	1	1
26	46	0	-1
26	47	0	-1
26	48	0	-1
26	49	1	1
26	50	0	-1
27	-50	0	-1
27	-49	0	-1
27	-48	0	-1
27	-47	0	-1
27	-46	0	-1
27	-45	0	-1
27	-44	0	-1
27	-43	0	-1
27	-42	0	-1
27	-41	0	-1
27	-40	0	-1
27	-39	0	-1
27	-38	0	-1
27	-37	0	-1
27	-36	0	-1
27	-35	0	-1
27	-34	2	0
27	-33	2	0
27	-32	3	0
27	-31	5	0
27	-30	6	0
27	-29	4	0
27	-28	6	0
27	-27	10	0
27	-26	13	0
27	-25	14	0.0714285714285714
27	-24	22	0
27	-23	19	0
27	-22	16	0
27	-21	19	0.0526315789473684
27	-20	58	0.0517241379310345
27	-19	49	0.0408163265306122
27	-18	53	0.0188679245283019
27	-17	61	0.0983606557377049
27	-16	70	0.0714285714285714
27	-15	74	0.162162162162162
27	-14	91	0.10989010989011
27	-13	123	0.121951219512195
27	-12	133	0.142857142857143
27	-11	140	0.164285714285714
27	-10	145	0.275862068965517
27	-9	165	0.266666666666667
27	-8	173	0.271676300578035
27	-7	229	0.292576419213974
27	-6	214	0.364485981308411
27	-5	217	0.428571428571429
27	-4	253	0.450592885375494
27	-3	266	0.447368421052632
27	-2	260	0.523076923076923
27	-1	254	0.535433070866142
27	0	289	0.546712802768166
27	1	307	0.648208469055375
27	2	282	0.659574468085106
27	3	296	0.64527027027027
27	4	281	0.722419928825623
27	5	293	0.764505119453925
27	6	241	0.70954356846473
27	7	236	0.745762711864407
27	8	218	0.821100917431193
27	9	236	0.843220338983051
27	10	212	0.872641509433962
27	11	186	0.913978494623656
27	12	182	0.917582417582418
27	13	166	0.91566265060241
27	14	153	0.901960784313726
27	15	117	0.965811965811966
27	16	128	0.9609375
27	17	99	0.94949494949495
27	18	103	0.980582524271845
27	19	89	0.97752808988764
27	20	68	1
27	21	81	1
27	22	58	0.982758620689655
27	23	42	1
27	24	33	0.96969696969697
27	25	41	1
27	26	29	1
27	27	24	1
27	28	12	1
27	29	18	1
27	30	9	1
27	31	12	1
27	32	3	1
27	33	7	0.857142857142857
27	34	4	1
27	35	4	1
27	36	4	1
27	37	2	1
27	38	1	1
27	39	1	1
27	40	1	1
27	41	2	1
27	42	0	-1
27	43	0	-1
27	44	1	1
27	45	0	-1
27	46	1	1
27	47	0	-1
27	48	0	-1
27	49	0	-1
27	50	0	-1
28	-50	0	-1
28	-49	0	-1
28	-48	0	-1
28	-47	0	-1
28	-46	0	-1
28	-45	0	-1
28	-44	0	-1
28	-43	0	-1
28	-42	0	-1
28	-41	0	-1
28	-40	0	-1
28	-39	0	-1
28	-38	0	-1
28	-37	1	0
28	-36	0	-1
28	-35	2	0
28	-34	1	0
28	-33	3	0
28	-32	3	0
28	-31	3	0
28	-30	5	0
28	-29	9	0
28	-28	14	0
28	-27	5	0
28	-26	5	0
28	-25	13	0
28	-24	24	0
28	-23	23	0
28	-22	33	0
28	-21	28	0.0714285714285714
28	-20	39	0.0256410256410256
28	-19	49	0.0204081632653061
28	-18	58	0.0344827586206897
28	-17	63	0.0476190476190476
28	-16	64	0.046875
28	-15	96	0.125
28	-14	89	0.134831460674157
28	-13	94	0.138297872340426
28	-12	156	0.128205128205128
28	-11	140	0.207142857142857
28	-10	153	0.169934640522876
28	-9	162	0.240740740740741
28	-8	193	0.336787564766839
28	-7	190	0.321052631578947
28	-6	202	0.351485148514851
28	-5	224	0.361607142857143
28	-4	237	0.426160337552743
28	-3	236	0.491525423728814
28	-2	275	0.458181818181818
28	-1	271	0.560885608856089
28	0	294	0.58843537414966
28	1	281	0.654804270462633
28	2	292	0.613013698630137
28	3	287	0.644599303135889
28	4	268	0.723880597014925
28	5	269	0.754646840148699
28	6	277	0.790613718411552
28	7	198	0.737373737373737
28	8	232	0.84051724137931
28	9	228	0.820175438596491
28	10	208	0.870192307692308
28	11	200	0.875
28	12	201	0.90547263681592
28	13	159	0.943396226415094
28	14	154	0.961038961038961
28	15	128	0.9453125
28	16	126	0.968253968253968
28	17	102	0.970588235294118
28	18	94	0.978723404255319
28	19	87	0.977011494252874
28	20	69	0.985507246376812
28	21	90	0.988888888888889
28	22	58	0.982758620689655
28	23	63	0.984126984126984
28	24	34	0.970588235294118
28	25	33	1
28	26	25	1
28	27	34	1
28	28	14	1
28	29	13	1
28	30	15	1
28	31	8	1
28	32	10	1
28	33	8	0.875
28	34	5	1
28	35	1	1
28	36	1	1
28	37	3	1
28	38	0	-1
28	39	2	1
28	40	1	1
28	41	2	1
28	42	1	1
28	43	0	-1
28	44	1	1
28	45	0	-1
28	46	1	1
28	47	1	1
28	48	0	-1
28	49	0	-1
28	50	0	-1
29	-50	0	-1
29	-49	0	-1
29	-48	0	-1
29	-47	0	-1
29	-46	0	-1
29	-45	0	-1
29	-44	0	-1
29	-43	0	-1
29	-42	0	-1
29	-41	0	-1
29	-40	0	-1
29	-39	0	-1
29	-38	1	0
29	-37	1	0
29	-36	1	0
29	-35	0	-1
29	-34	4	0
29	-33	4	0
29	-32	1	0
29	-31	7	0
29	-30	9	0
29	-29	7	0
29	-28	5	0
29	-27	13	0
29	-26	12	0
29	-25	16	0
29	-24	22	0
29	-23	25	0
29	-22	31	0.032258064516129
29	-21	36	0.0277777777777778
29	-20	47	0
29	-19	50	0.02
29	-18	56	0.0178571428571429
29	-17	64	0.078125
29	-16	70	0.0571428571428571
29	-15	85	0.129411764705882
29	-14	102	0.0686274509803922
29	-13	115	0.121739130434783
29	-12	127	0.118110236220472
29	-11	126	0.23015873015873
29	-10	151	0.251655629139073
29	-9	171	0.269005847953216
29	-8	175	0.211428571428571
29	-7	192	0.328125
29	-6	177	0.31638418079096
29	-5	210	0.385714285714286
29	-4	225	0.382222222222222
29	-3	251	0.458167330677291
29	-2	282	0.464539007092199
29	-1	280	0.535714285714286
29	0	287	0.578397212543554
29	1	287	0.634146341463415
29	2	279	0.673835125448029
29	3	284	0.690140845070423
29	4	250	0.692
29	5	259	0.718146718146718
29	6	267	0.808988764044944
29	7	244	0.807377049180328
29	8	216	0.856481481481482
29	9	212	0.778301886792453
29	10	213	0.882629107981221
29	11	209	0.875598086124402
29	12	183	0.918032786885246
29	13	152	0.914473684210526
29	14	175	0.954285714285714
29	15	132	0.96969696969697
29	16	120	0.966666666666667
29	17	113	0.964601769911504
29	18	112	0.982142857142857
29	19	87	0.977011494252874
29	20	70	1
29	21	80	0.975
29	22	63	0.984126984126984
29	23	54	1
29	24	42	1
29	25	34	1
29	26	24	0.958333333333333
29	27	37	1
29	28	17	1
29	29	20	1
29	30	16	1
29	31	13	1
29	32	10	1
29	33	4	0.75
29	34	3	1
29	35	4	1
29	36	2	1
29	37	5	1
29	38	1	1
29	39	2	1
29	40	1	1
29	41	1	1
29	42	1	1
29	43	0	-1
29	44	1	1
29	45	3	1
29	46	0	-1
29	47	0	-1
29	48	0	-1
29	49	0	-1
29	50	0	-1
30	-50	0	-1
30	-49	0	-1
30	-48	0	-1
30	-47	0	-1
30	-46	0	-1
30	-45	0	-1
30	-44	1	0
30	-43	0	-1
30	-42	0	-1
30	-41	0	-1
30	-40	0	-1
30	-39	0	-1
30	-38	0	-1
30	-37	1	0
30	-36	1	0
30	-35	4	0
30	-34	2	0
30	-33	5	0
30	-32	3	0
30	-31	2	0
30	-30	10	0
30	-29	7	0
30	-28	6	0
30	-27	15	0
30	-26	19	0
30	-25	20	0
30	-24	19	0
30	-23	32	0
30	-22	27	0
30	-21	37	0
30	-20	42	0.0714285714285714
30	-19	59	0.0169491525423729
30	-18	62	0.0806451612903226
30	-17	58	0.0689655172413793
30	-16	70	0.0285714285714286
30	-15	86	0.0930232558139535
30	-14	89	0.123595505617978
30	-13	115	0.0869565217391304
30	-12	123	0.154471544715447
30	-11	149	0.194630872483221
30	-10	155	0.2
30	-9	150	0.24
30	-8	164	0.26219512195122
30	-7	194	0.293814432989691
30	-6	200	0.35
30	-5	215	0.297674418604651
30	-4	229	0.441048034934498
30	-3	241	0.443983402489627
30	-2	273	0.487179487179487
30	-1	292	0.520547945205479
30	0	253	0.624505928853755
30	1	272	0.610294117647059
30	2	275	0.629090909090909
30	3	273	0.684981684981685
30	4	264	0.746212121212121
30	5	247	0.716599190283401
30	6	257	0.754863813229572
30	7	236	0.817796610169492
30	8	229	0.829694323144105
30	9	235	0.834042553191489
30	10	207	0.8743961352657
30	11	212	0.915094339622642
30	12	188	0.920212765957447
30	13	151	0.933774834437086
30	14	155	0.954838709677419
30	15	141	0.964539007092199
30	16	111	0.981981981981982
30	17	116	0.974137931034483
30	18	112	0.955357142857143
30	19	93	0.978494623655914
30	20	82	1
30	21	70	1
30	22	57	1
30	23	65	0.969230769230769
30	24	33	0.96969696969697
30	25	44	1
30	26	33	1
30	27	39	1
30	28	21	1
30	29	13	0.923076923076923
30	30	17	1
30	31	13	1
30	32	8	1
30	33	7	1
30	34	7	1
30	35	5	1
30	36	3	1
30	37	6	1
30	38	2	1
30	39	1	1
30	40	2	1
30	41	1	1
30	42	1	1
30	43	3	1
30	44	0	-1
30	45	1	1
30	46	0	-1
30	47	2	1
30	48	0	-1
30	49	0	-1
30	50	1	1
31	-50	0	-1
31	-49	0	-1
31	-48	0	-1
31	-47	0	-1
31	-46	0	-1
31	-45	0	-1
31	-44	0	-1
31	-43	0	-1
31	-42	1	0
31	-41	0	-1
31	-40	1	0
31	-39	1	0
31	-38	0	-1
31	-37	2	0
31	-36	1	0
31	-35	1	0
31	-34	3	0
31	-33	4	0
31	-32	6	0
31	-31	13	0
31	-30	6	0
31	-29	7	0
31	-28	10	0
31	-27	25	0
31	-26	17	0
31	-25	19	0
31	-24	19	0
31	-23	28	0
31	-22	26	0.0384615384615385
31	-21	36	0
31	-20	37	0.0540540540540541
31	-19	57	0.0175438596491228
31	-18	57	0.0175438596491228
31	-17	49	0.0612244897959184
31	-16	81	0.0493827160493827
31	-15	104	0.0480769230769231
31	-14	103	0.106796116504854
31	-13	111	0.108108108108108
31	-12	132	0.189393939393939
31	-11	121	0.15702479338843
31	-10	143	0.167832167832168
31	-9	173	0.254335260115607
31	-8	180	0.288888888888889
31	-7	176	0.267045454545455
31	-6	183	0.300546448087432
31	-5	206	0.320388349514563
31	-4	215	0.372093023255814
31	-3	261	0.413793103448276
31	-2	242	0.537190082644628
31	-1	274	0.532846715328467
31	0	243	0.633744855967078
31	1	264	0.575757575757576
31	2	293	0.645051194539249
31	3	260	0.719230769230769
31	4	252	0.702380952380952
31	5	259	0.733590733590734
31	6	275	0.770909090909091
31	7	250	0.808
31	8	217	0.84331797235023
31	9	209	0.832535885167464
31	10	200	0.895
31	11	192	0.880208333333333
31	12	204	0.931372549019608
31	13	163	0.932515337423313
31	14	164	0.945121951219512
31	15	144	0.958333333333333
31	16	130	0.969230769230769
31	17	121	0.975206611570248
31	18	104	0.980769230769231
31	19	90	0.977777777777778
31	20	78	1
31	21	67	0.955223880597015
31	22	70	1
31	23	61	0.967213114754098
31	24	54	1
31	25	39	1
31	26	32	1
31	27	37	1
31	28	23	1
31	29	19	0.947368421052632
31	30	22	1
31	31	15	1
31	32	13	1
31	33	9	1
31	34	6	1
31	35	5	1
31	36	2	1
31	37	4	1
31	38	3	1
31	39	3	1
31	40	3	1
31	41	4	1
31	42	1	1
31	43	2	1
31	44	1	1
31	45	1	1
31	46	1	1
31	47	0	-1
31	48	0	-1
31	49	0	-1
31	50	0	-1
32	-50	0	-1
32	-49	0	-1
32	-48	0	-1
32	-47	0	-1
32	-46	0	-1
32	-45	1	0
32	-44	0	-1
32	-43	0	-1
32	-42	0	-1
32	-41	0	-1
32	-40	1	0
32	-39	1	0
32	-38	1	0
32	-37	1	0
32	-36	4	0
32	-35	1	0
32	-34	3	0
32	-33	4	0
32	-32	9	0
32	-31	12	0
32	-30	9	0
32	-29	5	0
32	-28	12	0
32	-27	11	0
32	-26	18	0
32	-25	26	0
32	-24	19	0
32	-23	30	0
32	-22	45	0.0222222222222222
32	-21	36	0
32	-20	53	0
32	-19	39	0.0512820512820513
32	-18	57	0
32	-17	80	0.025
32	-16	75	0.04
32	-15	82	0.0975609756097561
32	-14	91	0.0989010989010989
32	-13	98	0.0714285714285714
32	-12	128	0.109375
32	-11	139	0.151079136690647
32	-10	142	0.197183098591549
32	-9	165	0.23030303030303
32	-8	183	0.207650273224044
32	-7	185	0.340540540540541
32	-6	219	0.305936073059361
32	-5	185	0.362162162162162
32	-4	201	0.412935323383085
32	-3	261	0.409961685823755
32	-2	244	0.487704918032787
32	-1	250	0.548
32	0	236	0.542372881355932
32	1	241	0.5850622406639
32	2	267	0.659176029962547
32	3	263	0.695817490494297
32	4	296	0.699324324324324
32	5	242	0.723140495867769
32	6	250	0.784
32	7	264	0.821969696969697
32	8	208	0.850961538461538
32	9	209	0.856459330143541
32	10	190	0.91578947368421
32	11	216	0.888888888888889
32	12	174	0.942528735632184
32	13	168	0.952380952380952
32	14	178	0.955056179775281
32	15	144	0.965277777777778
32	16	129	0.968992248062015
32	17	120	0.966666666666667
32	18	135	0.992592592592593
32	19	86	0.953488372093023
32	20	77	0.987012987012987
32	21	55	0.981818181818182
32	22	81	0.987654320987654
32	23	61	1
32	24	61	0.983606557377049
32	25	52	1
32	26	40	1
32	27	32	1
32	28	22	1
32	29	21	0.952380952380952
32	30	19	1
32	31	9	1
32	32	16	1
32	33	10	1
32	34	8	1
32	35	6	1
32	36	5	1
32	37	3	1
32	38	2	1
32	39	3	1
32	40	2	1
32	41	4	1
32	42	3	1
32	43	1	1
32	44	4	1
32	45	0	-1
32	46	0	-1
32	47	0	-1
32	48	0	-1
32	49	0	-1
32	50	1	1
33	-50	0	-1
33	-49	0	-1
33	-48	0	-1
33	-47	0	-1
33	-46	0	-1
33	-45	0	-1
33	-44	0	-1
33	-43	1	0
33	-42	0	-1
33	-41	1	0
33	-40	1	0
33	-39	0	-1
33	-38	0	-1
33	-37	2	0
33	-36	3	0
33	-35	0	-1
33	-34	7	0
33	-33	6	0
33	-32	7	0
33	-31	7	0
33	-30	13	0
33	-29	13	0
33	-28	12	0
33	-27	19	0
33	-26	15	0
33	-25	21	0
33	-24	23	0
33	-23	32	0
33	-22	37	0
33	-21	39	0.0256410256410256
33	-20	50	0.02
33	-19	39	0
33	-18	62	0
33	-17	75	0.04
33	-16	83	0.036144578313253
33	-15	86	0.0581395348837209
33	-14	96	0.104166666666667
33	-13	115	0.0956521739130435
33	-12	136	0.102941176470588
33	-11	126	0.119047619047619
33	-10	136	0.176470588235294
33	-9	153	0.228758169934641
33	-8	166	0.210843373493976
33	-7	196	0.270408163265306
33	-6	198	0.348484848484849
33	-5	190	0.405263157894737
33	-4	221	0.389140271493213
33	-3	232	0.387931034482759
33	-2	232	0.46551724137931
33	-1	235	0.54468085106383
33	0	251	0.537848605577689
33	1	259	0.598455598455598
33	2	272	0.639705882352941
33	3	263	0.665399239543726
33	4	242	0.710743801652893
33	5	246	0.772357723577236
33	6	262	0.805343511450382
33	7	240	0.820833333333333
33	8	232	0.84051724137931
33	9	228	0.855263157894737
33	10	194	0.922680412371134
33	11	209	0.899521531100478
33	12	170	0.947058823529412
33	13	170	0.905882352941176
33	14	183	0.961748633879781
33	15	158	0.993670886075949
33	16	128	0.984375
33	17	126	1
33	18	106	0.952830188679245
33	19	88	0.965909090909091
33	20	91	0.989010989010989
33	21	60	0.983333333333333
33	22	79	0.987341772151899
33	23	65	1
33	24	50	0.98
33	25	58	1
33	26	37	1
33	27	35	1
33	28	29	0.96551724137931
33	29	11	1
33	30	18	1
33	31	12	1
33	32	14	1
33	33	10	1
33	34	7	1
33	35	9	1
33	36	11	1
33	37	5	1
33	38	5	1
33	39	2	1
33	40	4	1
33	41	4	1
33	42	2	1
33	43	4	1
33	44	0	-1
33	45	0	-1
33	46	3	1
33	47	0	-1
33	48	1	1
33	49	1	1
33	50	0	-1
34	-50	0	-1
34	-49	0	-1
34	-48	0	-1
34	-47	0	-1
34	-46	0	-1
34	-45	0	-1
34	-44	0	-1
34	-43	1	0
34	-42	0	-1
34	-41	0	-1
34	-40	0	-1
34	-39	1	0
34	-38	3	0
34	-37	3	0
34	-36	1	0
34	-35	2	0
34	-34	6	0
34	-33	3	0
34	-32	10	0
34	-31	8	0
34	-30	11	0
34	-29	11	0
34	-28	12	0
34	-27	19	0
34	-26	22	0
34	-25	19	0
34	-24	31	0
34	-23	38	0
34	-22	34	0
34	-21	33	0
34	-20	54	0.0185185185185185
34	-19	51	0.0196078431372549
34	-18	69	0.0289855072463768
34	-17	64	0.015625
34	-16	71	0
34	-15	82	0.0487804878048781
34	-14	93	0.0752688172043011
34	-13	92	0.152173913043478
34	-12	120	0.1
34	-11	150	0.126666666666667
34	-10	158	0.107594936708861
34	-9	146	0.219178082191781
34	-8	170	0.194117647058824
34	-7	185	0.27027027027027
34	-6	177	0.322033898305085
34	-5	210	0.304761904761905
34	-4	221	0.434389140271493
34	-3	233	0.416309012875536
34	-2	242	0.446280991735537
34	-1	246	0.48780487804878
34	0	229	0.558951965065502
34	1	252	0.642857142857143
34	2	251	0.645418326693227
34	3	259	0.656370656370656
34	4	243	0.716049382716049
34	5	252	0.777777777777778
34	6	232	0.780172413793103
34	7	254	0.807086614173228
34	8	231	0.852813852813853
34	9	229	0.882096069868996
34	10	224	0.910714285714286
34	11	216	0.930555555555556
34	12	176	0.971590909090909
34	13	153	0.947712418300654
34	14	160	0.95
34	15	144	0.965277777777778
34	16	151	0.966887417218543
34	17	138	0.971014492753623
34	18	111	0.990990990990991
34	19	95	0.989473684210526
34	20	81	1
34	21	76	0.986842105263158
34	22	78	0.987179487179487
34	23	65	0.984615384615385
34	24	53	1
34	25	46	1
34	26	45	0.977777777777778
34	27	31	1
34	28	17	1
34	29	21	1
34	30	24	1
34	31	17	1
34	32	9	1
34	33	13	1
34	34	6	1
34	35	13	1
34	36	8	1
34	37	5	1
34	38	6	1
34	39	3	1
34	40	7	1
34	41	2	1
34	42	3	1
34	43	3	1
34	44	2	1
34	45	0	-1
34	46	2	1
34	47	1	1
34	48	1	1
34	49	0	-1
34	50	0	-1
35	-50	0	-1
35	-49	0	-1
35	-48	0	-1
35	-47	0	-1
35	-46	0	-1
35	-45	1	0
35	-44	0	-1
35	-43	1	0
35	-42	0	-1
35	-41	1	0
35	-40	0	-1
35	-39	0	-1
35	-38	1	0
35	-37	1	0
35	-36	2	0
35	-35	2	0
35	-34	8	0
35	-33	5	0
35	-32	7	0
35	-31	9	0
35	-30	11	0
35	-29	15	0
35	-28	14	0
35	-27	19	0
35	-26	23	0
35	-25	25	0
35	-24	32	0
35	-23	33	0
35	-22	38	0
35	-21	43	0
35	-20	49	0
35	-19	51	0.0196078431372549
35	-18	59	0.0338983050847458
35	-17	51	0.0196078431372549
35	-16	86	0.0348837209302326
35	-15	94	0.0425531914893617
35	-14	89	0.0898876404494382
35	-13	87	0.0114942528735632
35	-12	119	0.117647058823529
35	-11	138	0.123188405797101
35	-10	130	0.138461538461538
35	-9	164	0.146341463414634
35	-8	196	0.25
35	-7	186	0.220430107526882
35	-6	193	0.336787564766839
35	-5	215	0.288372093023256
35	-4	196	0.377551020408163
35	-3	219	0.415525114155251
35	-2	207	0.473429951690821
35	-1	216	0.509259259259259
35	0	249	0.57429718875502
35	1	253	0.58102766798419
35	2	270	0.666666666666667
35	3	241	0.663900414937759
35	4	266	0.699248120300752
35	5	270	0.774074074074074
35	6	241	0.771784232365145
35	7	236	0.826271186440678
35	8	246	0.853658536585366
35	9	211	0.886255924170616
35	10	221	0.918552036199095
35	11	199	0.919597989949749
35	12	191	0.984293193717278
35	13	158	0.949367088607595
35	14	168	0.958333333333333
35	15	147	0.986394557823129
35	16	136	0.992647058823529
35	17	124	0.967741935483871
35	18	102	0.980392156862745
35	19	103	0.990291262135922
35	20	109	1
35	21	74	1
35	22	70	0.971428571428571
35	23	66	0.984848484848485
35	24	55	1
35	25	52	1
35	26	28	1
35	27	27	1
35	28	32	1
35	29	23	1
35	30	31	1
35	31	19	1
35	32	10	1
35	33	16	1
35	34	10	1
35	35	6	1
35	36	5	1
35	37	7	1
35	38	4	1
35	39	7	1
35	40	5	1
35	41	2	1
35	42	1	1
35	43	4	1
35	44	4	1
35	45	0	-1
35	46	4	1
35	47	0	-1
35	48	1	1
35	49	1	1
35	50	0	-1
36	-50	0	-1
36	-49	0	-1
36	-48	0	-1
36	-47	0	-1
36	-46	0	-1
36	-45	1	0
36	-44	0	-1
36	-43	0	-1
36	-42	0	-1
36	-41	2	0
36	-40	0	-1
36	-39	0	-1
36	-38	1	0
36	-37	2	0
36	-36	4	0
36	-35	0	-1
36	-34	6	0
36	-33	2	0
36	-32	9	0
36	-31	11	0
36	-30	14	0
36	-29	14	0
36	-28	11	0
36	-27	22	0
36	-26	28	0
36	-25	25	0
36	-24	31	0
36	-23	27	0
36	-22	35	0
36	-21	39	0
36	-20	50	0.02
36	-19	57	0
36	-18	62	0
36	-17	69	0.0434782608695652
36	-16	91	0.021978021978022
36	-15	78	0.0641025641025641
36	-14	98	0.0918367346938776
36	-13	99	0.0303030303030303
36	-12	106	0.00943396226415094
36	-11	132	0.143939393939394
36	-10	138	0.108695652173913
36	-9	141	0.120567375886525
36	-8	174	0.206896551724138
36	-7	187	0.245989304812834
36	-6	193	0.300518134715026
36	-5	195	0.266666666666667
36	-4	208	0.346153846153846
36	-3	220	0.409090909090909
36	-2	215	0.451162790697674
36	-1	232	0.474137931034483
36	0	256	0.55859375
36	1	226	0.597345132743363
36	2	238	0.621848739495798
36	3	261	0.693486590038314
36	4	246	0.715447154471545
36	5	256	0.78515625
36	6	273	0.787545787545788
36	7	255	0.835294117647059
36	8	235	0.897872340425532
36	9	221	0.900452488687783
36	10	204	0.901960784313726
36	11	225	0.924444444444444
36	12	189	0.973544973544973
36	13	152	0.967105263157895
36	14	164	0.98780487804878
36	15	147	0.986394557823129
36	16	142	0.971830985915493
36	17	129	0.976744186046512
36	18	103	0.990291262135922
36	19	100	0.99
36	20	95	1
36	21	77	1
36	22	71	1
36	23	53	1
36	24	61	1
36	25	43	1
36	26	49	1
36	27	29	1
36	28	38	1
36	29	25	1
36	30	28	1
36	31	26	1
36	32	22	1
36	33	18	1
36	34	8	1
36	35	4	1
36	36	5	1
36	37	4	1
36	38	6	1
36	39	3	1
36	40	5	1
36	41	2	1
36	42	5	1
36	43	1	1
36	44	2	1
36	45	4	1
36	46	3	1
36	47	0	-1
36	48	1	1
36	49	0	-1
36	50	1	1
37	-50	0	-1
37	-49	0	-1
37	-48	0	-1
37	-47	0	-1
37	-46	0	-1
37	-45	0	-1
37	-44	0	-1
37	-43	1	0
37	-42	0	-1
37	-41	0	-1
37	-40	0	-1
37	-39	3	0
37	-38	1	0
37	-37	1	0
37	-36	6	0
37	-35	2	0
37	-34	2	0
37	-33	3	0
37	-32	8	0
37	-31	15	0
37	-30	9	0
37	-29	14	0
37	-28	17	0
37	-27	14	0
37	-26	29	0
37	-25	31	0
37	-24	27	0
37	-23	39	0
37	-22	22	0
37	-21	46	0
37	-20	55	0.0181818181818182
37	-19	51	0
37	-18	67	0
37	-17	73	0
37	-16	85	0.0470588235294118
37	-15	77	0.051948051948052
37	-14	98	0.0510204081632653
37	-13	107	0.0560747663551402
37	-12	107	0.0654205607476635
37	-11	119	0.0588235294117647
37	-10	134	0.104477611940299
37	-9	144	0.125
37	-8	179	0.245810055865922
37	-7	187	0.240641711229947
37	-6	212	0.235849056603774
37	-5	210	0.319047619047619
37	-4	202	0.301980198019802
37	-3	219	0.374429223744292
37	-2	208	0.394230769230769
37	-1	196	0.494897959183673
37	0	258	0.538759689922481
37	1	226	0.592920353982301
37	2	246	0.621951219512195
37	3	245	0.710204081632653
37	4	261	0.727969348659004
37	5	224	0.776785714285714
37	6	257	0.859922178988327
37	7	247	0.842105263157895
37	8	247	0.874493927125506
37	9	219	0.91324200913242
37	10	202	0.96039603960396
37	11	217	0.91705069124424
37	12	204	0.96078431372549
37	13	164	0.951219512195122
37	14	163	1
37	15	153	0.993464052287582
37	16	132	0.977272727272727
37	17	132	0.992424242424242
37	18	107	0.962616822429907
37	19	106	1
37	20	91	1
37	21	72	1
37	22	77	1
37	23	63	1
37	24	70	1
37	25	40	1
37	26	38	1
37	27	39	1
37	28	35	1
37	29	31	1
37	30	38	1
37	31	25	1
37	32	16	1
37	33	16	1
37	34	8	1
37	35	6	1
37	36	5	1
37	37	5	1
37	38	5	1
37	39	6	1
37	40	4	1
37	41	1	1
37	42	9	1
37	43	2	1
37	44	2	1
37	45	3	1
37	46	1	1
37	47	0	-1
37	48	1	1
37	49	1	1
37	50	0	-1
38	-50	0	-1
38	-49	0	-1
38	-48	0	-1
38	-47	0	-1
38	-46	0	-1
38	-45	2	0
38	-44	0	-1
38	-43	0	-1
38	-42	0	-1
38	-41	0	-1
38	-40	0	-1
38	-39	3	0
38	-38	0	-1
38	-37	3	0
38	-36	3	0
38	-35	2	0
38	-34	3	0
38	-33	8	0
38	-32	9	0
38	-31	12	0
38	-30	10	0
38	-29	20	0
38	-28	10	0
38	-27	17	0
38	-26	27	0
38	-25	26	0
38	-24	26	0
38	-23	38	0
38	-22	35	0
38	-21	47	0
38	-20	39	0.0256410256410256
38	-19	66	0
38	-18	77	0
38	-17	72	0
38	-16	82	0.0121951219512195
38	-15	88	0.0227272727272727
38	-14	103	0.087378640776699
38	-13	85	0.0470588235294118
38	-12	116	0.0603448275862069
38	-11	118	0.11864406779661
38	-10	138	0.0797101449275362
38	-9	135	0.125925925925926
38	-8	176	0.147727272727273
38	-7	189	0.222222222222222
38	-6	188	0.25
38	-5	211	0.298578199052133
38	-4	192	0.286458333333333
38	-3	236	0.330508474576271
38	-2	216	0.365740740740741
38	-1	209	0.526315789473684
38	0	243	0.563786008230453
38	1	230	0.556521739130435
38	2	253	0.656126482213439
38	3	213	0.737089201877934
38	4	261	0.793103448275862
38	5	231	0.748917748917749
38	6	268	0.802238805970149
38	7	225	0.88
38	8	241	0.908713692946058
38	9	200	0.895
38	10	213	0.929577464788732
38	11	222	0.954954954954955
38	12	209	0.971291866028708
38	13	172	0.976744186046512
38	14	171	0.988304093567251
38	15	154	0.980519480519481
38	16	133	1
38	17	107	1
38	18	115	0.991304347826087
38	19	110	1
38	20	82	1
38	21	104	1
38	22	73	1
38	23	45	1
38	24	60	1
38	25	60	1
38	26	61	1
38	27	41	1
38	28	32	1
38	29	28	1
38	30	28	1
38	31	15	1
38	32	15	1
38	33	18	1
38	34	14	1
38	35	6	1
38	36	7	1
38	37	8	1
38	38	5	1
38	39	4	1
38	40	3	1
38	41	3	1
38	42	3	1
38	43	3	1
38	44	7	1
38	45	2	1
38	46	1	1
38	47	3	1
38	48	1	1
38	49	1	1
38	50	0	-1
39	-50	0	-1
39	-49	0	-1
39	-48	0	-1
39	-47	1	0
39	-46	0	-1
39	-45	0	-1
39	-44	0	-1
39	-43	1	0
39	-42	0	-1
39	-41	0	-1
39	-40	0	-1
39	-39	1	0
39	-38	3	0
39	-37	2	0
39	-36	1	0
39	-35	5	0
39	-34	7	0
39	-33	7	0
39	-32	5	0
39	-31	13	0
39	-30	14	0
39	-29	16	0
39	-28	7	0
39	-27	28	0
39	-26	17	0
39	-25	26	0
39	-24	35	0
39	-23	38	0
39	-22	41	0
39	-21	52	0
39	-20	44	0.0227272727272727
39	-19	60	0
39	-18	61	0
39	-17	59	0
39	-16	93	0.021505376344086
39	-15	95	0.0210526315789474
39	-14	92	0.0434782608695652
39	-13	105	0.0285714285714286
39	-12	111	0.0720720720720721
39	-11	120	0.0916666666666667
39	-10	130	0.0615384615384615
39	-9	153	0.124183006535948
39	-8	153	0.130718954248366
39	-7	181	0.171270718232044
39	-6	196	0.219387755102041
39	-5	216	0.310185185185185
39	-4	179	0.301675977653631
39	-3	207	0.338164251207729
39	-2	220	0.440909090909091
39	-1	246	0.467479674796748
39	0	214	0.579439252336449
39	1	248	0.55241935483871
39	2	250	0.612
39	3	224	0.71875
39	4	256	0.7265625
39	5	244	0.786885245901639
39	6	235	0.868085106382979
39	7	216	0.865740740740741
39	8	228	0.912280701754386
39	9	232	0.935344827586207
39	10	221	0.941176470588235
39	11	204	0.96078431372549
39	12	210	0.961904761904762
39	13	157	0.993630573248408
39	14	169	0.982248520710059
39	15	164	0.99390243902439
39	16	129	1
39	17	118	1
39	18	120	1
39	19	104	1
39	20	90	1
39	21	88	1
39	22	72	1
39	23	61	1
39	24	68	1
39	25	63	1
39	26	51	1
39	27	44	1
39	28	34	1
39	29	34	1
39	30	28	1
39	31	17	1
39	32	18	1
39	33	17	1
39	34	7	1
39	35	11	1
39	36	9	1
39	37	6	1
39	38	6	1
39	39	6	1
39	40	2	1
39	41	5	1
39	42	4	1
39	43	5	1
39	44	4	1
39	45	1	1
39	46	1	1
39	47	4	1
39	48	1	1
39	49	0	-1
39	50	0	-1
40	-50	0	-1
40	-49	1	0
40	-48	0	-1
40	-47	0	-1
40	-46	0	-1
40	-45	1	0
40	-44	0	-1
40	-43	1	0
40	-42	0	-1
40	-41	0	-1
40	-40	1	0
40	-39	0	-1
40	-38	1	0
40	-37	3	0
40	-36	3	0
40	-35	7	0
40	-34	7	0
40	-33	5	0
40	-32	9	0
40	-31	4	0
40	-30	12	0
40	-29	14	0
40	-28	15	0
40	-27	25	0
40	-26	18	0
40	-25	31	0
40	-24	40	0
40	-23	45	0
40	-22	35	0
40	-21	40	0
40	-20	60	0
40	-19	67	0
40	-18	62	0.0161290322580645
40	-17	65	0
40	-16	65	0.0153846153846154
40	-15	95	0.0210526315789474
40	-14	90	0.0222222222222222
40	-13	104	0.0384615384615385
40	-12	108	0.0277777777777778
40	-11	133	0.0827067669172932
40	-10	145	0.096551724137931
40	-9	167	0.125748502994012
40	-8	150	0.153333333333333
40	-7	182	0.153846153846154
40	-6	174	0.189655172413793
40	-5	204	0.254901960784314
40	-4	203	0.251231527093596
40	-3	199	0.402010050251256
40	-2	214	0.425233644859813
40	-1	240	0.4625
40	0	232	0.586206896551724
40	1	207	0.594202898550725
40	2	239	0.606694560669456
40	3	239	0.686192468619247
40	4	248	0.770161290322581
40	5	243	0.777777777777778
40	6	258	0.872093023255814
40	7	205	0.868292682926829
40	8	236	0.902542372881356
40	9	228	0.916666666666667
40	10	204	0.975490196078431
40	11	206	0.995145631067961
40	12	186	0.962365591397849
40	13	194	0.984536082474227
40	14	155	1
40	15	159	0.993710691823899
40	16	124	1
40	17	126	0.984126984126984
40	18	111	1
40	19	94	1
40	20	90	1
40	21	103	1
40	22	86	1
40	23	69	1
40	24	60	1
40	25	60	1
40	26	55	1
40	27	41	1
40	28	35	1
40	29	37	1
40	30	24	1
40	31	27	1
40	32	22	1
40	33	17	1
40	34	13	1
40	35	8	1
40	36	7	1
40	37	5	1
40	38	10	1
40	39	3	1
40	40	4	1
40	41	5	1
40	42	4	1
40	43	4	1
40	44	2	1
40	45	3	1
40	46	4	1
40	47	4	1
40	48	0	-1
40	49	0	-1
40	50	0	-1
41	-50	0	-1
41	-49	0	-1
41	-48	0	-1
41	-47	0	-1
41	-46	0	-1
41	-45	0	-1
41	-44	0	-1
41	-43	1	0
41	-42	1	0
41	-41	0	-1
41	-40	1	0
41	-39	2	0
41	-38	1	0
41	-37	2	0
41	-36	3	0
41	-35	5	0
41	-34	4	0
41	-33	5	0
41	-32	10	0
41	-31	8	0
41	-30	18	0
41	-29	16	0
41	-28	18	0
41	-27	27	0
41	-26	24	0
41	-25	27	0
41	-24	27	0
41	-23	34	0
41	-22	48	0
41	-21	47	0
41	-20	43	0
41	-19	67	0
41	-18	57	0
41	-17	82	0
41	-16	85	0
41	-15	93	0.021505376344086
41	-14	86	0.0348837209302326
41	-13	99	0.0101010101010101
41	-12	133	0.0601503759398496
41	-11	133	0.0526315789473684
41	-10	123	0.0650406504065041
41	-9	143	0.0769230769230769
41	-8	174	0.14367816091954
41	-7	183	0.120218579234973
41	-6	178	0.224719101123595
41	-5	179	0.223463687150838
41	-4	187	0.315508021390374
41	-3	225	0.302222222222222
41	-2	203	0.443349753694581
41	-1	231	0.41991341991342
41	0	221	0.53393665158371
41	1	243	0.654320987654321
41	2	221	0.656108597285068
41	3	242	0.690082644628099
41	4	237	0.742616033755274
41	5	240	0.8375
41	6	249	0.899598393574297
41	7	227	0.889867841409692
41	8	246	0.902439024390244
41	9	217	0.940092165898618
41	10	202	0.955445544554455
41	11	178	0.971910112359551
41	12	220	0.986363636363636
41	13	146	0.993150684931507
41	14	156	1
41	15	161	1
41	16	136	0.992647058823529
41	17	130	1
41	18	127	0.992125984251969
41	19	109	1
41	20	88	1
41	21	98	1
41	22	76	1
41	23	63	1
41	24	63	1
41	25	54	1
41	26	50	1
41	27	51	1
41	28	32	1
41	29	40	1
41	30	42	1
41	31	29	1
41	32	12	1
41	33	13	1
41	34	12	1
41	35	14	1
41	36	10	1
41	37	6	1
41	38	7	1
41	39	10	1
41	40	4	1
41	41	5	1
41	42	2	1
41	43	3	1
41	44	2	1
41	45	5	1
41	46	1	1
41	47	4	1
41	48	0	-1
41	49	1	1
41	50	1	1
42	-50	0	-1
42	-49	0	-1
42	-48	0	-1
42	-47	0	-1
42	-46	0	-1
42	-45	0	-1
42	-44	1	0
42	-43	0	-1
42	-42	0	-1
42	-41	2	0
42	-40	1	0
42	-39	2	0
42	-38	0	-1
42	-37	3	0
42	-36	4	0
42	-35	4	0
42	-34	4	0
42	-33	8	0
42	-32	8	0
42	-31	8	0
42	-30	17	0
42	-29	19	0
42	-28	18	0
42	-27	26	0
42	-26	22	0
42	-25	36	0
42	-24	39	0
42	-23	31	0
42	-22	37	0
42	-21	48	0
42	-20	52	0
42	-19	59	0
42	-18	62	0
42	-17	73	0
42	-16	72	0
42	-15	96	0.0208333333333333
42	-14	106	0
42	-13	109	0.00917431192660551
42	-12	124	0.0403225806451613
42	-11	117	0.00854700854700855
42	-10	126	0.111111111111111
42	-9	141	0.049645390070922
42	-8	168	0.0833333333333333
42	-7	184	0.108695652173913
42	-6	158	0.215189873417722
42	-5	187	0.203208556149733
42	-4	228	0.276315789473684
42	-3	191	0.287958115183246
42	-2	225	0.422222222222222
42	-1	198	0.45959595959596
42	0	238	0.525210084033613
42	1	251	0.645418326693227
42	2	214	0.654205607476635
42	3	250	0.728
42	4	235	0.821276595744681
42	5	238	0.815126050420168
42	6	235	0.851063829787234
42	7	242	0.913223140495868
42	8	235	0.923404255319149
42	9	182	0.961538461538462
42	10	193	0.984455958549223
42	11	205	0.980487804878049
42	12	197	0.99492385786802
42	13	165	0.987878787878788
42	14	143	0.993006993006993
42	15	153	0.993464052287582
42	16	158	1
42	17	114	1
42	18	120	1
42	19	121	1
42	20	98	1
42	21	96	1
42	22	60	1
42	23	85	1
42	24	78	1
42	25	51	1
42	26	52	1
42	27	48	1
42	28	41	1
42	29	36	1
42	30	30	1
42	31	28	1
42	32	26	1
42	33	22	1
42	34	11	1
42	35	13	1
42	36	11	1
42	37	5	1
42	38	6	1
42	39	9	1
42	40	5	1
42	41	5	1
42	42	4	1
42	43	4	1
42	44	0	-1
42	45	5	1
42	46	1	1
42	47	1	1
42	48	1	1
42	49	2	1
42	50	1	1
43	-50	1	0
43	-49	0	-1
43	-48	0	-1
43	-47	0	-1
43	-46	0	-1
43	-45	1	0
43	-44	0	-1
43	-43	1	0
43	-42	1	0
43	-41	0	-1
43	-40	0	-1
43	-39	2	0
43	-38	2	0
43	-37	4	0
43	-36	4	0
43	-35	4	0
43	-34	7	0
43	-33	5	0
43	-32	6	0
43	-31	13	0
43	-30	9	0
43	-29	16	0
43	-28	30	0
43	-27	18	0
43	-26	21	0
43	-25	34	0
43	-24	32	0
43	-23	49	0
43	-22	40	0
43	-21	49	0
43	-20	49	0
43	-19	57	0
43	-18	67	0
43	-17	68	0
43	-16	65	0
43	-15	93	0
43	-14	115	0
43	-13	110	0
43	-12	108	0.0462962962962963
43	-11	148	0.0135135135135135
43	-10	137	0.0510948905109489
43	-9	142	0.0633802816901408
43	-8	150	0.08
43	-7	173	0.0982658959537572
43	-6	167	0.143712574850299
43	-5	170	0.170588235294118
43	-4	198	0.262626262626263
43	-3	199	0.316582914572864
43	-2	236	0.338983050847458
43	-1	234	0.38034188034188
43	0	221	0.579185520361991
43	1	210	0.652380952380952
43	2	227	0.674008810572687
43	3	250	0.74
43	4	225	0.826666666666667
43	5	261	0.862068965517241
43	6	228	0.929824561403509
43	7	224	0.90625
43	8	211	0.938388625592417
43	9	216	0.949074074074074
43	10	208	0.971153846153846
43	11	206	0.990291262135922
43	12	186	0.994623655913978
43	13	169	0.994082840236686
43	14	155	1
43	15	144	1
43	16	151	1
43	17	145	1
43	18	117	0.991452991452991
43	19	101	1
43	20	98	1
43	21	102	1
43	22	83	1
43	23	73	1
43	24	67	1
43	25	65	1
43	26	48	1
43	27	60	1
43	28	38	1
43	29	25	1
43	30	30	1
43	31	29	1
43	32	21	1
43	33	14	1
43	34	16	1
43	35	16	1
43	36	8	1
43	37	14	1
43	38	2	1
43	39	4	1
43	40	5	1
43	41	10	1
43	42	1	1
43	43	5	1
43	44	2	1
43	45	4	1
43	46	3	1
43	47	2	1
43	48	0	-1
43	49	2	1
43	50	2	1
44	-50	0	-1
44	-49	0	-1
44	-48	0	-1
44	-47	0	-1
44	-46	1	0
44	-45	1	0
44	-44	0	-1
44	-43	0	-1
44	-42	0	-1
44	-41	0	-1
44	-40	1	0
44	-39	2	0
44	-38	1	0
44	-37	8	0
44	-36	1	0
44	-35	4	0
44	-34	5	0
44	-33	11	0
44	-32	7	0
44	-31	9	0
44	-30	14	0
44	-29	16	0
44	-28	18	0
44	-27	27	0
44	-26	27	0
44	-25	38	0
44	-24	35	0
44	-23	41	0
44	-22	39	0
44	-21	50	0
44	-20	44	0
44	-19	70	0
44	-18	55	0
44	-17	62	0
44	-16	79	0
44	-15	87	0
44	-14	99	0
44	-13	120	0
44	-12	125	0.016
44	-11	127	0
44	-10	134	0.0223880597014925
44	-9	146	0.0342465753424658
44	-8	153	0.0326797385620915
44	-7	178	0.0955056179775281
44	-6	169	0.112426035502959
44	-5	200	0.16
44	-4	169	0.230769230769231
44	-3	193	0.264248704663212
44	-2	189	0.285714285714286
44	-1	215	0.47906976744186
44	0	268	0.529850746268657
44	1	212	0.575471698113208
44	2	223	0.695067264573991
44	3	231	0.748917748917749
44	4	266	0.87593984962406
44	5	226	0.889380530973451
44	6	220	0.9
44	7	258	0.926356589147287
44	8	219	0.972602739726027
44	9	200	0.975
44	10	204	0.990196078431373
44	11	216	0.986111111111111
44	12	177	1
44	13	188	1
44	14	149	1
44	15	145	1
44	16	120	1
44	17	135	1
44	18	119	1
44	19	113	1
44	20	103	1
44	21	101	1
44	22	100	1
44	23	86	1
44	24	69	1
44	25	65	1
44	26	59	1
44	27	35	1
44	28	42	1
44	29	35	1
44	30	25	1
44	31	21	1
44	32	27	1
44	33	24	1
44	34	13	1
44	35	10	1
44	36	6	1
44	37	7	1
44	38	9	1
44	39	5	1
44	40	6	1
44	41	8	1
44	42	3	1
44	43	4	1
44	44	3	1
44	45	2	1
44	46	5	1
44	47	1	1
44	48	2	1
44	49	2	1
44	50	2	1
45	-50	0	-1
45	-49	0	-1
45	-48	1	0
45	-47	0	-1
45	-46	1	0
45	-45	0	-1
45	-44	0	-1
45	-43	1	0
45	-42	0	-1
45	-41	1	0
45	-40	1	0
45	-39	3	0
45	-38	2	0
45	-37	2	0
45	-36	4	0
45	-35	5	0
45	-34	6	0
45	-33	7	0
45	-32	7	0
45	-31	10	0
45	-30	15	0
45	-29	25	0
45	-28	15	0
45	-27	22	0
45	-26	29	0
45	-25	35	0
45	-24	32	0
45	-23	38	0
45	-22	50	0
45	-21	68	0
45	-20	48	0
45	-19	60	0
45	-18	59	0
45	-17	59	0
45	-16	84	0
45	-15	81	0
45	-14	100	0
45	-13	118	0
45	-12	109	0
45	-11	146	0
45	-10	120	0
45	-9	157	0.00636942675159236
45	-8	153	0.0392156862745098
45	-7	173	0.0346820809248555
45	-6	172	0.116279069767442
45	-5	164	0.140243902439024
45	-4	203	0.167487684729064
45	-3	197	0.274111675126904
45	-2	188	0.292553191489362
45	-1	212	0.443396226415094
45	0	232	0.495689655172414
45	1	223	0.641255605381166
45	2	228	0.701754385964912
45	3	225	0.742222222222222
45	4	235	0.859574468085106
45	5	248	0.935483870967742
45	6	249	0.947791164658635
45	7	246	0.926829268292683
45	8	205	1
45	9	210	0.990476190476191
45	10	197	0.99492385786802
45	11	208	0.995192307692308
45	12	192	1
45	13	159	1
45	14	167	1
45	15	147	1
45	16	133	1
45	17	145	1
45	18	131	1
45	19	105	1
45	20	97	1
45	21	96	1
45	22	90	1
45	23	93	1
45	24	69	1
45	25	61	1
45	26	51	1
45	27	45	1
45	28	47	1
45	29	37	1
45	30	25	1
45	31	27	1
45	32	13	1
45	33	20	1
45	34	17	1
45	35	10	1
45	36	12	1
45	37	5	1
45	38	4	1
45	39	8	1
45	40	9	1
45	41	8	1
45	42	6	1
45	43	3	1
45	44	6	1
45	45	2	1
45	46	3	1
45	47	0	-1
45	48	5	1
45	49	0	-1
45	50	2	1
46	-50	0	-1
46	-49	1	0
46	-48	1	0
46	-47	1	0
46	-46	0	-1
46	-45	0	-1
46	-44	0	-1
46	-43	0	-1
46	-42	1	0
46	-41	1	0
46	-40	1	0
46	-39	2	0
46	-38	5	0
46	-37	5	0
46	-36	2	0
46	-35	4	0
46	-34	7	0
46	-33	4	0
46	-32	7	0
46	-31	15	0
46	-30	16	0
46	-29	18	0
46	-28	18	0
46	-27	19	0
46	-26	29	0
46	-25	34	0
46	-24	47	0
46	-23	32	0
46	-22	50	0
46	-21	49	0
46	-20	42	0
46	-19	69	0
46	-18	68	0
46	-17	66	0
46	-16	79	0
46	-15	88	0
46	-14	96	0
46	-13	104	0
46	-12	108	0
46	-11	112	0
46	-10	143	0
46	-9	159	0.00628930817610063
46	-8	165	0.0242424242424242
46	-7	167	0.0239520958083832
46	-6	164	0.024390243902439
46	-5	175	0.0514285714285714
46	-4	187	0.171122994652406
46	-3	207	0.227053140096618
46	-2	220	0.263636363636364
46	-1	202	0.381188118811881
46	0	226	0.526548672566372
46	1	226	0.654867256637168
46	2	230	0.68695652173913
46	3	252	0.865079365079365
46	4	244	0.881147540983607
46	5	224	0.946428571428571
46	6	228	0.982456140350877
46	7	227	0.986784140969163
46	8	250	0.988
46	9	199	0.994974874371859
46	10	211	0.995260663507109
46	11	172	1
46	12	171	1
46	13	168	1
46	14	155	1
46	15	154	1
46	16	161	1
46	17	139	1
46	18	136	1
46	19	116	1
46	20	102	1
46	21	111	1
46	22	72	1
46	23	90	1
46	24	68	1
46	25	66	1
46	26	52	1
46	27	47	1
46	28	33	1
46	29	32	1
46	30	33	1
46	31	10	1
46	32	32	1
46	33	16	1
46	34	14	1
46	35	11	1
46	36	7	1
46	37	10	1
46	38	8	1
46	39	5	1
46	40	7	1
46	41	8	1
46	42	6	1
46	43	2	1
46	44	5	1
46	45	4	1
46	46	5	1
46	47	1	1
46	48	2	1
46	49	0	-1
46	50	0	-1
47	-50	0	-1
47	-49	0	-1
47	-48	0	-1
47	-47	1	0
47	-46	0	-1
47	-45	1	0
47	-44	0	-1
47	-43	0	-1
47	-42	1	0
47	-41	3	0
47	-40	1	0
47	-39	1	0
47	-38	3	0
47	-37	1	0
47	-36	5	0
47	-35	3	0
47	-34	9	0
47	-33	3	0
47	-32	9	0
47	-31	9	0
47	-30	15	0
47	-29	19	0
47	-28	22	0
47	-27	19	0
47	-26	33	0
47	-25	29	0
47	-24	33	0
47	-23	37	0
47	-22	46	0
47	-21	45	0
47	-20	51	0
47	-19	60	0
47	-18	59	0
47	-17	68	0
47	-16	85	0
47	-15	91	0
47	-14	98	0
47	-13	109	0
47	-12	111	0
47	-11	126	0
47	-10	138	0
47	-9	156	0
47	-8	137	0
47	-7	157	0.00636942675159236
47	-6	167	0.00598802395209581
47	-5	190	0.0210526315789474
47	-4	215	0.0651162790697674
47	-3	212	0.132075471698113
47	-2	203	0.157635467980296
47	-1	235	0.391489361702128
47	0	198	0.505050505050505
47	1	243	0.695473251028807
47	2	233	0.854077253218884
47	3	268	0.899253731343284
47	4	271	0.96309963099631
47	5	238	0.978991596638655
47	6	229	0.986899563318777
47	7	188	0.98936170212766
47	8	207	1
47	9	194	1
47	10	196	1
47	11	156	1
47	12	200	1
47	13	176	1
47	14	173	1
47	15	157	1
47	16	164	1
47	17	118	1
47	18	134	1
47	19	134	1
47	20	121	1
47	21	78	1
47	22	89	1
47	23	68	1
47	24	54	1
47	25	66	1
47	26	47	1
47	27	43	1
47	28	42	1
47	29	41	1
47	30	33	1
47	31	32	1
47	32	22	1
47	33	19	1
47	34	6	1
47	35	13	1
47	36	6	1
47	37	11	1
47	38	11	1
47	39	8	1
47	40	4	1
47	41	3	1
47	42	7	1
47	43	8	1
47	44	2	1
47	45	6	1
47	46	0	-1
47	47	2	1
47	48	1	1
47	49	0	-1
47	50	0	-1
48	-50	0	-1
48	-49	0	-1
48	-48	0	-1
48	-47	0	-1
48	-46	0	-1
48	-45	0	-1
48	-44	0	-1
48	-43	0	-1
48	-42	0	-1
48	-41	0	-1
48	-40	0	-1
48	-39	0	-1
48	-38	0	-1
48	-37	0	-1
48	-36	0	-1
48	-35	0	-1
48	-34	0	-1
48	-33	0	-1
48	-32	0	-1
48	-31	0	-1
48	-30	0	-1
48	-29	0	-1
48	-28	0	-1
48	-27	0	-1
48	-26	0	-1
48	-25	0	-1
48	-24	0	-1
48	-23	0	-1
48	-22	0	-1
48	-21	0	-1
48	-20	0	-1
48	-19	0	-1
48	-18	0	-1
48	-17	0	-1
48	-16	0	-1
48	-15	0	-1
48	-14	0	-1
48	-13	0	-1
48	-12	0	-1
48	-11	0	-1
48	-10	0	-1
48	-9	0	-1
48	-8	0	-1
48	-7	0	-1
48	-6	0	-1
48	-5	0	-1
48	-4	0	-1
48	-3	0	-1
48	-2	0	-1
48	-1	0	-1
48	0	0	-1
48	1	0	-1
48	2	0	-1
48	3	0	-1
48	4	0	-1
48	5	0	-1
48	6	0	-1
48	7	0	-1
48	8	0	-1
48	9	0	-1
48	10	0	-1
48	11	0	-1
48	12	0	-1
48	13	0	-1
48	14	0	-1
48	15	0	-1
48	16	0	-1
48	17	0	-1
48	18	0	-1
48	19	0	-1
48	20	0	-1
48	21	0	-1
48	22	0	-1
48	23	0	-1
48	24	0	-1
48	25	0	-1
48	26	0	-1
48	27	0	-1
48	28	0	-1
48	29	0	-1
48	30	0	-1
48	31	0	-1
48	32	0	-1
48	33	0	-1
48	34	0	-1
48	35	0	-1
48	36	0	-1
48	37	0	-1
48	38	0	-1
48	39	0	-1
48	40	0	-1
48	41	0	-1
48	42	0	-1
48	43	0	-1
48	44	0	-1
48	45	0	-1
48	46	0	-1
48	47	0	-1
48	48	0	-1
48	49	0	-1
48	50	0	-1
49	-50	0	-1
49	-49	0	-1
49	-48	0	-1
49	-47	0	-1
49	-46	0	-1
49	-45	0	-1
49	-44	0	-1
49	-43	0	-1
49	-42	0	-1
49	-41	0	-1
49	-40	0	-1
49	-39	0	-1
49	-38	0	-1
49	-37	0	-1
49	-36	0	-1
49	-35	0	-1
49	-34	0	-1
49	-33	0	-1
49	-32	0	-1
49	-31	0	-1
49	-30	0	-1
49	-29	0	-1
49	-28	0	-1
49	-27	0	-1
49	-26	0	-1
49	-25	0	-1
49	-24	0	-1
49	-23	0	-1
49	-22	0	-1
49	-21	0	-1
49	-20	0	-1
49	-19	0	-1
49	-18	0	-1
49	-17	0	-1
49	-16	0	-1
49	-15	0	-1
49	-14	0	-1
49	-13	0	-1
49	-12	0	-1
49	-11	0	-1
49	-10	0	-1
49	-9	0	-1
49	-8	0	-1
49	-7	0	-1
49	-6	0	-1
49	-5	0	-1
49	-4	0	-1
49	-3	0	-1
49	-2	0	-1
49	-1	0	-1
49	0	0	-1
49	1	0	-1
49	2	0	-1
49	3	0	-1
49	4	0	-1
49	5	0	-1
49	6	0	-1
49	7	0	-1
49	8	0	-1
49	9	0	-1
49	10	0	-1
49	11	0	-1
49	12	0	-1
49	13	0	-1
49	14	0	-1
49	15	0	-1
49	16	0	-1
49	17	0	-1
49	18	0	-1
49	19	0	-1
49	20	0	-1
49	21	0	-1
49	22	0	-1
49	23	0	-1
49	24	0	-1
49	25	0	-1
49	26	0	-1
49	27	0	-1
49	28	0	-1
49	29	0	-1
49	30	0	-1
49	31	0	-1
49	32	0	-1
49	33	0	-1
49	34	0	-1
49	35	0	-1
49	36	0	-1
49	37	0	-1
49	38	0	-1
49	39	0	-1
49	40	0	-1
49	41	0	-1
49	42	0	-1
49	43	0	-1
49	44	0	-1
49	45	0	-1
49	46	0	-1
49	47	0	-1
49	48	0	-1
49	49	0	-1
49	50	0	-1
50	-50	0	-1
50	-49	0	-1
50	-48	0	-1
50	-47	0	-1
50	-46	0	-1
50	-45	0	-1
50	-44	0	-1
50	-43	0	-1
50	-42	0	-1
50	-41	0	-1
50	-40	0	-1
50	-39	0	-1
50	-38	0	-1
50	-37	0	-1
50	-36	0	-1
50	-35	0	-1
50	-34	0	-1
50	-33	0	-1
50	-32	0	-1
50	-31	0	-1
50	-30	0	-1
50	-29	0	-1
50	-28	0	-1
50	-27	0	-1
50	-26	0	-1
50	-25	0	-1
50	-24	0	-1
50	-23	0	-1
50	-22	0	-1
50	-21	0	-1
50	-20	0	-1
50	-19	0	-1
50	-18	0	-1
50	-17	0	-1
50	-16	0	-1
50	-15	0	-1
50	-14	0	-1
50	-13	0	-1
50	-12	0	-1
50	-11	0	-1
50	-10	0	-1
50	-9	0	-1
50	-8	0	-1
50	-7	0	-1
50	-6	0	-1
50	-5	0	-1
50	-4	0	-1
50	-3	0	-1
50	-2	0	-1
50	-1	0	-1
50	0	0	-1
50	1	0	-1
50	2	0	-1
50	3	0	-1
50	4	0	-1
50	5	0	-1
50	6	0	-1
50	7	0	-1
50	8	0	-1
50	9	0	-1
50	10	0	-1
50	11	0	-1
50	12	0	-1
50	13	0	-1
50	14	0	-1
50	15	0	-1
50	16	0	-1
50	17	0	-1
50	18	0	-1
50	19	0	-1
50	20	0	-1
50	21	0	-1
50	22	0	-1
50	23	0	-1
50	24	0	-1
50	25	0	-1
50	26	0	-1
50	27	0	-1
50	28	0	-1
50	29	0	-1
50	30	0	-1
50	31	0	-1
50	32	0	-1
50	33	0	-1
50	34	0	-1
50	35	0	-1
50	36	0	-1
50	37	0	-1
50	38	0	-1
50	39	0	-1
50	40	0	-1
50	41	0	-1
50	42	0	-1
50	43	0	-1
50	44	0	-1
50	45	0	-1
50	46	0	-1
50	47	0	-1
50	48	0	-1
50	49	0	-1
50	50	0	-1
