#Ref NumberOfFoulsInGame
Mitchell-Ervin [48, 40, 39, 51, 38, 36, 34, 40, 38, 38, 39]
Sir-Allen-Conner [38, 42, 32, 36, 46, 62, 36, 41, 27, 36]
Brenda-Pantoja [39, 41, 41, 33]
Kevin-Cutler [29, 42, 38, 38, 40, 51, 38, 35, 29, 33, 34, 40, 36, 46, 47, 39, 35, 36, 41, 45, 35, 45, 40, 40, 40, 38, 30, 42, 35, 46, 41, 35, 41, 50, 41, 43, 31, 36, 41, 51, 53, 33, 36, 49, 29, 40, 35, 38, 59, 35, 47, 38, 50, 57, 50, 49, 37, 44, 35, 39, 46, 42, 46, 28, 54, 45, 39, 44, 40, 34, 36, 41, 34, 37, 41, 37, 48, 44, 42, 49, 36, 35, 37, 37, 41, 37, 40, 35, 44, 46, 50, 38, 41, 39, 39, 45, 37, 44, 25, 33, 36, 36, 49, 39, 27, 46, 42, 35, 39, 39, 41, 30, 44, 61, 49, 29, 44, 41, 36, 27, 49, 44, 45, 46, 39, 33, 43, 41, 48, 37, 50, 40, 44, 36, 41, 37, 49, 42, 46, 40, 39, 38, 51, 38, 41, 38, 47, 39, 39, 32, 50, 34, 43, 48, 48, 42, 37, 38, 41, 52, 47, 45, 32, 40, 37, 30, 39, 30, 36, 47, 49, 36, 38, 36, 45, 41, 35, 43, 34, 41, 36, 41, 46, 47, 41, 40, 53, 44, 56, 34, 47, 45, 44, 61, 32, 45, 50, 53, 53, 31, 53, 27, 32, 41, 37, 29, 49, 43, 50, 38, 48, 40, 41, 51, 42, 54, 37, 44, 48, 41]
Dan-Crawford [43, 31, 46, 45, 39, 38, 43, 41, 35, 40, 44, 36, 49, 33, 37, 45, 37, 33, 47, 45, 44, 37, 53, 38, 45, 47, 39, 44, 38, 45, 32, 35, 35, 41, 47, 38, 48, 52, 57, 48, 40, 44, 47, 33, 54, 53, 44, 33, 40, 42, 38, 43, 38, 44, 26, 39, 54, 45, 38, 43, 43, 51, 33, 50, 42, 35, 34, 26, 31, 42, 43, 45, 46, 45, 50, 35, 32, 60, 39, 48, 36, 43, 48, 47, 40, 44, 42, 42, 50, 41, 35, 37, 43, 44, 41, 35, 35, 37, 52, 47, 50, 46, 32, 50, 53, 40, 32, 49, 42, 41, 33, 35, 45, 47, 38, 51, 40, 34, 28, 44, 51, 45, 42, 29, 41, 45, 36, 41, 48, 38, 46, 54, 41, 31, 43, 43, 44, 34, 42, 41, 39, 44, 32, 39, 30, 49, 39, 47, 43, 51, 40, 42, 33, 42, 30, 38, 29, 37, 45, 35, 38, 45, 31, 39, 45, 42, 36, 37, 45, 45, 35, 38, 42, 37, 28, 43, 47, 42, 40, 44, 45, 38, 28, 41, 50, 41, 44, 35, 36, 39, 32, 35, 46, 42, 52, 42, 36, 36, 47, 42, 35, 42, 51, 43, 35, 43, 42, 36, 40, 34, 32, 33, 51, 43, 48, 35, 43, 33, 43, 39, 40, 41, 41, 48, 36, 41, 47, 37, 37, 35, 44, 34, 36, 35, 29, 35, 50, 46, 36, 48, 37, 37, 39, 51, 34, 44, 46, 32, 49, 44, 41, 33, 48, 47, 40, 32, 40, 36, 33, 47, 42, 25, 37, 41, 38, 50, 37, 25, 49, 48, 36, 46, 33, 40, 52, 35, 43, 41, 40, 34, 31, 50, 42, 42, 43, 41, 47, 40, 28, 48, 41, 44, 33, 36, 46, 37, 43, 41, 34, 43, 33, 41, 47, 32, 36, 35, 32, 33, 35, 35, 40, 30, 39, 31, 40, 35, 40, 41, 38, 44, 39, 33, 37, 32, 35, 34, 46, 38, 46, 33, 45, 52, 39, 34, 43, 38, 48, 40, 48, 32, 34, 45, 34, 45, 32, 33, 38, 40, 33, 31, 27, 44, 45, 31, 41, 47, 27, 46, 29, 37, 39, 37, 40, 42, 41, 42, 42, 45, 56, 45, 43, 45, 37, 49, 42, 45, 41, 30, 44, 36, 42, 30, 40, 50, 32, 39, 47, 38, 42, 41, 32, 39, 46, 35]
Luis-Grillo [36, 50, 44, 42, 57, 34, 44, 54, 37, 45, 52, 41, 38, 62, 36, 37, 48, 32, 55, 38, 51, 38, 38, 47, 38, 42, 29, 48, 59, 33, 52, 48, 37, 41, 41, 42, 44, 35, 38, 36, 36, 57, 33, 52, 39, 49, 42, 53, 43, 45, 46, 47, 44, 46]
Mark-Lindsay [35, 31, 37, 26, 39, 37, 46, 37, 43, 36, 49, 49, 44, 24, 44, 49, 28, 36, 40, 39, 30, 39, 38, 36, 49, 29, 39, 36, 44, 49, 46, 35, 47, 53, 36, 47, 29, 44, 40, 49, 46, 41, 49, 46, 42, 44, 43, 45, 33, 34, 43, 46, 48, 40, 31, 48, 36, 38, 46, 41, 48, 45, 53, 42, 44, 28, 44, 31, 48, 47, 42, 36, 40, 50, 31, 41, 32, 37, 38, 39, 36, 38, 44, 41, 35, 44, 50, 37, 47, 46, 35, 36, 44, 47, 38, 36, 37, 47, 47, 51, 36, 50, 40, 45, 40, 30, 46, 45, 40, 38, 36, 42, 46, 40, 33, 51, 43, 42, 33, 34, 47, 36, 40, 40, 46, 43, 49, 34, 35, 42, 51, 45, 41, 28, 40, 56, 40, 41, 35, 34, 42, 42, 41, 47, 30, 42, 36, 43, 27, 44, 37, 48, 37, 43, 49, 48, 36, 30, 40, 44, 31, 40, 40, 53, 33, 37, 42, 40, 35, 52, 41, 34, 41, 35, 44, 43, 36, 36, 33, 42, 39, 42, 37, 38, 52, 32, 33, 28, 29, 35, 36, 35, 45, 40, 36, 39, 46, 41, 42, 28, 38, 43, 57, 29, 44, 45, 34, 42, 42, 33, 33, 31, 45, 36, 29, 41, 32, 33, 26, 43, 39, 30, 32, 36, 25, 28, 44, 44, 44, 36, 41, 34, 39, 51, 44, 37, 27, 46, 35, 31, 31, 61, 40, 40, 43, 39, 31, 39, 44, 47, 43, 43, 43, 33, 44, 44, 39, 48, 42, 32, 32, 36, 34, 38, 37, 44, 44, 35, 41, 31, 28, 43, 39, 37, 30, 52, 32, 33, 33, 42, 33, 39, 35, 49, 34, 32, 53, 42, 42, 38, 35, 32, 39, 41, 40, 39, 41, 44, 49, 37, 33, 29, 51, 35, 51, 40, 45, 36, 49, 38, 33, 45, 38, 43, 26, 42, 41, 42, 32, 48, 45, 42, 35, 56, 39, 45, 41, 36, 58, 35, 41, 50, 34, 35, 39, 41, 32, 45, 33, 47, 42, 36, 30, 37, 36, 58, 35, 34, 40, 40, 45, 37, 42, 26, 39, 33]
Lauren-Holtkamp [46, 47, 27, 49, 47, 43, 39, 48, 49, 38, 41, 46, 40, 39, 46, 38, 44, 44, 56, 50, 24, 39, 33, 40, 33, 50, 47, 41, 43, 50, 42, 45, 53, 51, 43, 41, 41, 41, 51, 33, 42, 36, 41, 36, 30, 34, 35, 39, 32, 40, 46, 35, 40]
Violet-Palmer [39, 43, 45, 41, 31, 32, 27, 48, 55, 35, 38, 49, 35, 37, 54, 41, 47, 49, 50, 61, 48, 49, 47, 47, 43, 56, 33, 41, 35, 48, 52, 48, 39, 45, 29, 49, 54, 39, 45, 41, 41, 38, 54, 39, 37, 42, 41, 50, 34, 36, 43, 38, 36, 43, 47, 35, 37, 41, 40, 46, 44, 46, 43, 38, 46, 41, 47, 46, 35, 40, 37, 45, 41, 47, 48, 51, 49, 31, 47, 30, 38, 46, 45, 39, 42, 49, 45, 36, 40, 38, 55, 37, 49, 40, 40, 37, 47, 40, 49, 38, 48, 50, 51, 41, 44, 41, 52, 49, 37, 46, 47, 46, 49, 52, 53, 40, 55, 44, 49, 38, 42, 39, 43, 42, 44, 39, 49, 36, 31, 37, 43, 39, 45, 42, 41, 38, 43, 39, 37, 36, 42, 48, 39, 39, 34, 38, 35, 32, 33, 36, 28, 31, 46, 40, 27, 36, 45, 30, 38, 45, 50, 45, 31, 44, 33, 47, 39, 33, 36, 38, 40, 35, 36, 33, 35, 34, 43, 37, 29, 50, 36, 36, 50, 28, 41, 48, 42, 38, 41, 36, 46, 34, 41, 49, 30, 47, 48, 36, 30, 37, 39, 54, 36, 52, 41, 36, 42, 32, 42, 41, 47, 43, 44, 40, 34, 37, 41, 35, 38, 53, 32, 47, 40, 39, 42, 36, 35, 35, 48, 47, 52, 45, 32, 30, 33, 38, 42, 42, 33, 36, 41, 36, 35, 42, 39, 33, 47, 45, 38]
J.T.-Orr [34, 41, 34, 44, 43, 33, 26, 47, 49, 32, 46, 37, 45, 25, 42, 49, 29, 34, 38, 44, 34, 39, 37, 38, 33, 45, 40, 39, 37, 36, 38, 36, 36, 41, 44, 41, 34, 51, 42, 48, 26, 31, 30, 39, 41, 34, 30, 40, 39, 43, 37, 35, 37, 38, 40, 40, 41, 40, 34, 41, 45, 44, 43, 41, 47, 37, 46, 45, 42, 49, 49, 33, 42, 34, 37, 44, 36, 53, 28, 40, 30, 38, 48, 41, 28, 30, 43, 40, 30, 41, 38, 40, 49, 44, 44, 38, 39, 34, 39, 45, 34, 38, 43, 34, 35, 31, 37, 35, 28, 40]
Brett-Nansel [42, 49, 39, 40]
Bennie-Adams [36, 33, 45, 39, 45, 37, 52, 39, 47, 34, 43, 46, 41, 38, 42, 39, 48, 49, 52, 42, 49, 44, 41, 40, 40, 44, 49, 45, 35, 49, 63, 51, 44, 22, 38, 36, 40, 46, 37, 41, 37, 39, 35, 45, 45, 33, 38, 48, 50, 32, 35, 34, 45, 43, 43, 30, 32, 42, 44, 51, 36, 37, 25, 43, 47, 45, 42, 40, 42, 34, 32, 29, 40, 36, 45, 47, 47, 54, 35, 41, 35, 54, 43, 36, 45, 49, 37, 47, 48, 37, 58, 42, 53, 38, 50, 41, 41, 55, 65, 33, 41, 44, 55, 40, 39, 40, 40, 38, 29, 51, 41, 37, 38, 38, 36, 48, 36, 46, 28, 30, 45, 47, 41, 46, 42, 45, 34, 41, 56, 41, 31, 55, 50, 50, 42, 42, 47, 38, 28, 53, 35, 44, 42, 40, 33, 50, 34, 31, 38, 54, 49, 38, 39, 45, 38, 42, 47, 51, 59, 35, 32, 42, 36, 41, 36, 35, 39, 42, 29, 60, 39, 35, 35, 47, 37, 37, 59, 35, 52, 49, 46, 41, 36, 62, 49, 40, 61, 33, 42, 43, 42, 46, 46, 35, 58, 31, 34, 33, 28, 36, 39, 38, 39, 40, 38, 28, 50, 24, 40, 27, 30, 39, 40, 41, 38, 40, 31, 32, 47, 35, 38, 48, 48, 47, 34, 48, 41, 44, 38, 29, 34, 41, 42, 44, 52, 28, 33, 25, 44, 36, 35, 27, 45, 43, 38, 38, 34, 49, 32, 49, 43, 43, 49, 41, 39, 30, 49, 37, 26, 40, 41, 46, 29, 50, 44, 46, 38, 40, 41, 41, 43, 41, 43, 28, 40, 46, 50, 33, 25, 41, 37, 33, 39, 54, 44, 49, 37, 48, 33, 42, 35, 44, 37, 38, 40, 35, 45, 39, 34, 39, 34, 37, 40, 39, 44, 49, 50, 38, 39, 35, 38, 32, 40, 36, 38, 33, 50, 43, 57, 54, 26, 46, 33, 40, 39, 39, 41, 38, 30, 31, 36, 40, 61, 45, 41, 37, 45, 38, 37, 32, 43, 33, 31, 44, 42, 58, 35, 36, 31, 36, 45, 36, 35, 41, 43, 49, 36, 47, 37, 38, 39, 40, 43, 36, 42, 33, 38, 43, 35, 40, 32, 43, 44]
Rodney-Mott [30, 50, 43, 37, 38, 47, 34, 51, 54, 38, 57, 43, 43, 42, 42, 49, 37, 43, 41, 39, 42, 57, 35, 49, 58, 51, 39, 37, 57, 34, 39, 47, 55, 39, 38, 56, 35, 29, 37, 39, 33, 42, 44, 44, 46, 37, 35, 57, 40, 36, 40, 50, 41, 44, 48, 48, 51, 46, 40, 45, 37, 41, 40, 49, 56, 54, 35, 50, 37, 42, 39, 45, 32, 53, 45, 52, 38, 56, 35, 36, 40, 39, 44, 44, 29, 42, 38, 44, 39, 34, 36, 25, 45, 42, 40, 47, 38, 37, 41, 52, 48, 34, 39, 38, 46, 47, 48, 38, 34, 49, 50, 48, 51, 47, 43, 49, 42, 48, 40, 41, 43, 46, 56, 43, 50, 39, 36, 34, 48, 39, 49, 30, 49, 43, 36, 42, 33, 28, 45, 38, 33, 40, 37, 45, 42, 35, 33, 37, 36, 37, 42, 49, 46, 37, 40, 47, 37, 34, 59, 33, 50, 33, 52, 42, 43, 47, 40, 46, 44, 41, 60, 49, 49, 52, 43, 35, 30, 43, 31, 45, 34, 35, 43, 36, 36, 39, 38, 37, 62, 49, 54, 45, 39, 34, 27, 37, 39, 46, 36, 43, 46, 57, 44, 43, 34, 42, 38, 45, 37, 31, 42, 34, 42, 46, 28, 40, 40, 31, 45, 24, 37, 38, 45, 29, 36, 38, 39, 44, 41, 29, 36, 38, 40, 37, 37, 40, 31, 45, 36, 57, 38, 37, 43, 41, 38, 42, 41, 48, 33, 32, 48, 44, 39, 51, 43, 32, 33, 34, 32, 40, 54, 28, 49, 44, 34, 41, 38, 41, 38, 28, 31, 46, 40, 34, 48, 45, 37, 23, 57, 49, 36, 38, 44, 30, 33, 25, 32, 39, 37, 36, 39, 33, 37, 40, 29, 29, 35, 36, 36, 45, 57, 45, 41, 48, 41, 38, 53, 45, 45, 52, 41, 43, 37, 33, 52, 65, 48, 32]
Justin-Vanduyne [35, 47, 33, 28, 40, 43, 36, 37, 51, 43, 32, 62, 61, 45, 41, 35, 47, 43, 50, 63, 38, 48, 40, 48, 48, 32, 41, 43, 43, 58, 42, 58, 38, 33, 48, 34, 38, 35, 49, 42, 45, 32, 39, 44, 43, 28, 41, 33, 33, 57, 46, 43, 46, 33]
Courtney-Kirkland [36, 43, 46, 42, 58, 36, 35, 35, 39, 34, 40, 45, 41, 38, 39, 46, 47, 48, 49, 34, 42, 46, 42, 39, 51, 45, 35, 44, 37, 32, 55, 41, 39, 50, 40, 40, 50, 40, 37, 50, 57, 40, 33, 49, 49, 47, 52, 51, 39, 38, 53, 42, 38, 42, 45, 36, 51, 42, 33, 30, 35, 47, 26, 27, 27, 47, 44, 40, 59, 45, 39, 43, 41, 36, 42, 46, 47, 49, 39, 48, 43, 44, 39, 37, 42, 48, 50, 50, 48, 53, 30, 35, 38, 43, 34, 35, 45, 31, 37, 33, 33, 32, 44, 42, 38, 39, 38, 40, 38, 35, 40, 41, 24, 48, 35, 40, 49, 36, 44, 33, 47, 54, 39, 39, 47, 36, 41, 36, 38, 41, 40, 35, 42, 41, 37, 44, 51, 36, 38, 52, 47, 36, 37, 50, 43, 36, 37, 39, 33, 47, 32, 42, 46, 39, 51, 38, 41, 43, 56, 41, 48, 39, 42, 45, 51, 38, 40, 44, 31, 39, 54, 37, 51, 46, 44, 57, 42, 43, 54, 50, 44, 43, 43, 50, 41, 38, 45, 42, 46, 42, 45, 40, 36, 38, 33, 47, 38, 43, 39, 39, 43, 43, 36, 38, 41, 28, 39, 32, 38, 28, 32, 30, 36, 30, 47, 43, 44, 50, 38, 27, 41, 38, 40, 40, 46, 40, 49, 44, 30, 41, 36, 34, 35, 31, 34, 40, 50, 35, 34, 29, 46, 39, 36, 43, 42, 33, 35, 41, 39, 38, 48, 43, 27, 40, 41, 42, 38, 44, 49, 49, 36, 29, 43, 48, 41, 27, 38, 41, 42, 34, 31, 22, 46, 39, 31, 39, 28, 46, 32, 38, 43, 36, 46, 38, 30, 41, 30, 43, 36, 39, 32, 44, 45, 37, 40, 30, 37, 43, 36, 51, 31, 35, 36, 32, 24, 36, 37, 29, 41, 39, 40, 24, 46, 40, 29, 40, 47, 40, 34, 33, 34, 44, 46, 37, 23, 32, 34, 34, 47, 41, 35, 41, 46, 40, 32, 31, 48, 53, 39, 41, 42, 37, 43, 50, 62, 44, 48, 44, 29, 52, 30, 48, 42, 36, 43, 39, 40, 53, 40, 54, 35, 39, 31, 40, 38, 41, 34, 36, 47, 50, 48, 37, 46, 50, 44, 43, 32]
Tre-Maddox [48, 51, 45, 54, 45, 44, 50, 40, 40, 36, 44, 46, 43, 33, 36, 35, 34, 38, 28, 42, 43, 47, 40, 30, 37, 46, 40, 32, 37, 29, 45, 33, 46, 50, 33, 51, 32, 35, 39, 30, 45, 36, 33, 52, 28, 39, 42, 41, 38, 34, 42, 53, 51, 40, 36, 26, 47, 34, 49, 35, 44, 40, 29, 39, 29, 39, 44, 33, 34, 40, 43, 38, 39, 38, 43, 40, 33, 45, 43, 40, 43, 41, 57, 38, 40, 42, 46, 54, 41, 39, 45, 24, 34, 47, 27, 31, 43, 47, 33, 45, 44, 41, 23, 42, 38, 49, 47, 40, 38, 40, 39, 40, 40, 35, 42, 34, 35, 40, 45, 50, 40, 39, 37, 45, 44, 41, 43, 44, 44, 48, 42, 33, 42, 42, 44, 38, 32, 39, 43, 40, 41, 44, 46, 44, 38, 32, 39, 43, 47, 54, 23, 30, 48, 41, 39, 61, 38, 35, 50, 45, 43]
Ed-Rose [32]
Gediminas-Petraitis [42, 37, 36, 31, 33, 26, 39, 34, 48, 39, 40]
Scott-Bolnick [50, 54, 39, 47, 35, 49, 42, 37, 21, 38, 48, 36, 25, 36, 49, 37, 40, 44, 46, 34, 44, 47, 38, 50, 45]
Sir-Allen-Connor [38]
Marat-Kogut [46, 37, 38, 40, 35, 39, 45, 43, 38, 41, 36, 33, 47, 52, 47, 53, 35, 46, 37, 33, 36, 46, 48, 34, 43, 44, 46, 40, 42, 42, 34, 44, 33, 39, 45, 39, 36, 45, 35, 37, 57, 33, 41, 40, 48, 55, 37, 43, 34, 35, 31, 39, 43, 48, 33, 38, 43, 45, 42, 43, 40, 42, 38, 44, 31, 39, 48, 46, 33, 39, 38, 36, 39, 61, 47, 43, 40, 39, 38, 46, 49, 36, 39, 51, 41, 46, 36, 31, 27, 44, 37, 43, 41, 36, 48, 44, 48, 40, 28, 35, 50, 39, 56, 31, 44, 40, 33, 43, 47, 49, 39, 48, 46, 46, 38, 40, 31, 32, 30, 30, 38, 39, 54, 29, 44, 47, 38, 39, 41, 41, 33, 41, 38, 47, 28, 38, 54, 29, 36, 29, 35, 31, 42, 35, 38, 44, 29, 35, 40, 43, 31, 33, 48, 44, 53, 40, 45, 26, 38, 40, 45, 40, 35, 33, 43, 33, 43, 41, 30, 40, 41, 28, 50, 49, 30, 43, 33, 39, 35, 37, 44, 42, 51, 33, 41, 47, 47, 57, 54, 39, 42, 43, 43, 36, 42, 44, 41, 40, 42, 34, 46, 48, 32, 38, 34, 39, 33, 47, 38, 40, 43, 32, 38, 48, 35, 39, 46, 46, 36, 49, 39, 60, 30, 42, 44, 39, 46, 30, 31, 62, 30, 36, 44, 54, 37, 40, 46, 41, 20, 33, 37, 37, 38, 32, 40, 41, 37, 39, 27, 37, 34, 47, 30, 46, 35, 42, 42, 34, 44, 37, 26, 45, 48, 33]
Jt-Orr [39, 48, 52, 41, 52, 54, 50, 45, 39, 47, 38, 47, 36, 43, 41, 58, 34, 36, 49, 30, 44, 38, 42, 24, 34, 37, 36, 42, 49, 31, 56, 29, 33, 34, 37, 30, 32, 31, 37, 33, 38, 50, 32, 45, 36, 43, 36, 37, 35, 37, 46, 27, 39, 35, 43, 27, 48, 44]
Bob-Delaney [34, 40, 53, 34, 51, 27, 51, 48, 48, 52, 28, 59, 53, 35, 55, 45, 38, 48, 53, 54, 42, 36, 22, 42, 39, 40, 48, 61, 48, 58, 39, 51, 39, 32, 29, 56, 33, 32, 32, 37, 46, 35, 42, 40, 51, 35, 43, 39, 42, 44, 46, 50, 37, 47, 47, 39, 43, 31, 41, 45, 44, 38, 60, 32, 45, 37, 37, 41, 38, 43, 36, 41, 40, 38, 39, 38, 32, 58, 47, 42, 43, 45, 41, 39, 39, 50, 37, 47, 38, 44, 53, 38, 65, 51, 36, 43, 47, 33, 36, 50, 55, 51, 36, 49, 34, 47, 46, 45, 40, 39, 46, 40, 34, 39, 50, 40, 45, 36, 41, 49, 31, 42, 34, 48, 33, 41, 38, 46, 51, 42, 39, 32, 44, 39, 30, 37, 35, 45, 40, 38, 41, 46, 39, 44, 43, 33, 36, 45, 42, 58, 35, 38, 32, 26, 33, 52, 47, 44, 37, 47, 48, 39, 40, 40, 39, 52, 50, 36, 44, 38, 37, 40, 39, 44, 37, 37, 43, 43]
Derrick-Stafford [53, 48, 41, 46, 36, 42, 43, 38, 37, 55, 54, 57, 43, 41, 30, 45, 42, 55, 48, 48, 39, 50, 43, 43, 49, 30, 39, 44, 48, 38, 33, 33, 37, 48, 42, 47, 47, 44, 52, 36, 43, 51, 45, 52, 43, 47, 37, 45, 39, 42, 39, 39, 40, 40, 50, 41, 43, 31, 47, 42, 41, 50, 18, 35, 41, 43, 43, 58, 45, 59, 36, 39, 33, 39, 43, 47, 29, 41, 45, 38, 49, 51, 37, 42, 36, 49, 46, 53, 46, 43, 33, 44, 44, 39, 43, 39, 49, 48, 38, 50, 45, 45, 39, 41, 41, 51, 28, 38, 41, 43, 51, 36, 37, 46, 39, 40, 44, 38, 39, 51, 40, 46, 36, 41, 40, 34, 51, 33, 54, 48, 41, 46, 33, 47, 42, 52, 51, 47, 38, 41, 42, 44, 41, 42, 39, 51, 30, 41, 37, 40, 51, 33, 45, 35, 43, 43, 44, 55, 46, 53, 54, 43, 56, 34, 48, 47, 42, 41, 45, 43, 60, 39, 35, 45, 45, 47, 50, 44, 33, 49, 38, 49, 48, 37, 47, 54, 33, 39, 36, 43, 49, 47, 38, 46, 36, 49, 36, 45, 34, 41, 38, 38, 27, 29, 45, 44, 33, 30, 31, 40, 39, 34, 45, 34, 29, 50, 33, 57, 38, 41, 32, 36, 40, 38, 33, 35, 50, 50, 46, 36, 36, 45, 26, 35, 41, 41, 45, 40, 37, 43, 39, 26, 30, 27, 38, 31, 34, 26, 39, 37, 34, 45, 41, 42, 43, 50, 36, 41, 61, 28, 44, 40, 39, 34, 40, 43, 32, 51, 36, 46, 21, 41, 30, 46, 46, 35, 48, 45, 33, 30, 35, 45, 38, 39, 36, 30, 41, 48, 53, 40, 39, 50, 37, 39, 42, 42, 51, 47, 43, 37, 49, 39, 32, 33, 44, 34, 43, 47, 38, 34, 27, 35, 32, 42, 37, 46, 48, 40, 34, 37, 45, 38, 40, 34, 41, 34, 40, 41, 40, 51, 26, 41, 40, 32, 34, 41, 40, 33, 37, 41, 45, 33, 34, 36, 37, 33, 44, 32, 38, 38, 35, 39, 31, 41, 41, 37, 42, 37, 36, 43, 53, 41, 37, 45, 41, 45, 29, 36, 31, 53, 43, 35, 45, 42]
Gary-Zielinski [48, 43, 46, 49, 34, 37, 40, 41, 46, 37, 46, 27, 35, 46, 37, 41, 42, 39, 39, 37, 36, 22, 28, 50, 42, 40, 42, 39, 34, 36, 44, 42, 24, 35, 45, 43, 38, 40, 40, 33, 36, 61, 35, 28, 39, 39, 50, 39, 30, 43, 44, 33, 36, 35, 48, 37, 33, 32, 34, 46, 40, 39, 35, 40, 54, 38, 33, 51, 37, 50, 43, 43, 43, 37, 53, 36, 46, 34, 45, 38, 37, 43, 47, 45, 40, 43, 47, 37, 41, 40, 31, 48, 39, 38, 39, 43, 40, 42, 44, 44, 41, 44, 48, 33, 35, 46, 39, 39, 42, 40, 30, 37, 37, 37, 41, 51, 44, 47, 55, 51, 40, 43, 37, 57, 46, 30, 44, 44, 41, 23, 36, 42, 47, 45, 38, 38, 40, 40, 41, 42, 40, 33, 55, 26, 48, 42, 35, 48, 47, 43, 43, 32, 30, 36, 40, 35, 38, 35, 41, 41, 38, 37, 48, 42, 42, 31, 43, 49, 48, 43, 41, 43, 36, 40, 48, 46, 42, 48, 42, 42, 52, 33, 29, 52, 43, 38, 46, 42, 47, 40, 46, 52, 40, 40, 41, 41, 45, 44, 37, 43, 43, 41, 47, 47, 41, 34, 30, 30, 45, 31, 36, 29, 36, 41, 53, 36, 40, 41, 40, 33, 34, 35, 37, 40, 44, 39, 28, 35, 34, 41, 40, 33, 29, 51, 32, 41, 44, 38, 33, 46, 40, 37, 44, 47, 36, 36, 46, 32, 48, 37, 30, 31, 41, 32, 25, 37, 36, 40, 36, 56, 41, 42, 35, 37, 43, 42, 50, 54, 43, 48, 36, 37, 36, 40, 52, 61, 38, 33, 34, 45, 47, 43, 45, 41, 39, 41, 41, 21, 38, 37, 44, 39, 35, 46, 39, 40, 37, 41, 41, 49, 50, 36, 40, 41, 32, 46, 47, 38, 28, 34, 36, 41, 39, 28, 39, 41, 40, 43, 47, 36, 39, 56, 39, 29, 46, 32, 47, 40, 30, 37, 46, 36, 40, 45, 35, 43, 39, 40, 42, 46, 49, 38, 44, 36, 37, 39, 38, 48, 34, 48, 38, 50, 37, 38, 43, 46, 37, 39, 42, 34, 33, 49, 43, 33, 47, 44, 41, 41, 38, 47, 38, 45, 32, 42, 33, 43, 38, 37, 37, 28, 33, 39, 48, 41]
Mike-Rodney [38]
Brent-Barnaky [38, 45, 42, 38, 42, 36, 45, 52, 38, 51, 37, 38, 47, 31, 43, 52, 40, 32, 39, 41, 31, 34, 49, 37, 45, 33, 43, 33, 48, 33, 32, 36, 43, 57, 53, 41, 38, 47, 39, 35, 39, 34, 36, 34, 48, 43, 50, 45, 40, 27, 28, 25, 38, 32, 36, 44, 40, 47, 39, 43, 43, 38, 37, 34, 44, 24, 27, 46, 38, 43, 36, 34, 41, 45, 45, 36, 48, 44, 50, 35, 36, 35, 35, 36, 52, 35, 40, 31, 36, 29, 51, 46, 35, 36, 26, 33, 31, 32, 47, 40, 40, 36, 43, 34, 39, 50, 37, 35, 53, 44, 43, 42, 44, 32, 41, 38, 46, 42, 31, 38, 43, 49, 35, 38, 41, 41, 37, 46, 40, 33, 46, 39, 34, 41, 39, 45, 35, 36, 46, 39, 29, 38, 37, 39, 39, 42, 39, 47, 44, 38, 34, 34, 44, 31, 38, 40, 40, 36, 51, 54, 26, 49, 33, 58, 45, 36, 45, 32, 38, 34, 50, 34, 36, 41, 37, 44, 35, 34, 40, 40, 33, 34, 35, 35, 35, 36, 34, 46, 32, 41, 39, 40, 53, 37, 38, 39, 50, 32, 30, 44, 47, 49, 40, 23, 32, 41, 52, 41, 47, 38, 33, 37, 32, 40, 29, 40, 40]
Bill-Kennedy [36, 34, 44, 43, 37, 54, 39, 35, 33, 41, 38, 41, 43, 51, 41, 38, 31, 38, 57, 48, 39, 41, 48, 49, 38, 39, 47, 38, 42, 39, 46, 40, 36, 34, 43, 36, 50, 43, 38, 47, 42, 47, 30, 48, 36, 37, 44, 49, 45, 42, 49, 45, 43, 44, 46, 53, 43, 50, 36, 47, 41, 44, 44, 47, 48, 33, 32, 45, 41, 36, 55, 44, 42, 38, 46, 47, 42, 48, 43, 43, 38, 35, 43, 39, 28, 49, 44, 46, 35, 49, 50, 40, 56, 38, 38, 47, 37, 43, 49, 44, 37, 37, 41, 44, 36, 39, 36, 34, 38, 56, 38, 41, 38, 46, 40, 32, 36, 49, 51, 41, 31, 42, 48, 33, 45, 34, 41, 36, 38, 41, 55, 35, 42, 45, 56, 43, 40, 41, 45, 42, 47, 37, 43, 51, 38, 34, 39, 31, 35, 46, 37, 46, 38, 47, 32, 43, 42, 46, 37, 31, 46, 45, 35, 30, 46, 48, 39, 42, 37, 54, 49, 41, 39, 55, 59, 54, 38, 39, 46, 52, 30, 38, 36, 48, 52, 39, 38, 40, 50, 31, 35, 42, 33, 45, 37, 59, 33, 52, 35, 44, 41, 32, 36, 44, 44, 61, 57, 34, 37, 38, 39, 44, 41, 44, 34, 31, 47, 32, 41, 44, 43, 28, 40, 34, 36, 43, 39, 39, 46, 56, 34, 31, 35, 31, 36, 32, 46, 35, 35, 40, 50, 35, 36, 32, 36, 33, 43, 22, 37, 39, 33, 30, 31, 42, 36, 27, 44, 38, 32, 45, 37, 28, 39, 40, 56, 39, 42, 49, 51, 40, 34, 48, 28, 32, 50, 42, 39, 37, 44, 43, 42, 39, 39, 37, 45, 48, 37, 46, 35, 29, 36, 37, 41, 34, 40, 45, 50, 48, 41, 44, 37, 46, 35, 37, 41, 33, 34, 50, 42, 39, 32, 36, 33, 50, 41, 48, 37, 33, 39, 35, 45, 30, 39, 31, 29, 40, 41, 59, 42, 32, 41, 41, 47, 49, 39, 41, 26, 43, 35, 36, 37, 36, 33, 40, 37, 35, 41, 46, 42, 24, 61, 54, 36, 36, 40, 30, 37, 34, 38, 44, 40, 41, 47, 63, 35, 44, 40, 42, 39, 50, 58, 34, 53, 40, 53, 31, 38, 45, 49, 58, 47, 30, 37, 34, 49, 37, 43, 36, 46, 39, 48, 50, 31, 48]
Nick-Buchert [34, 45, 55, 40, 46, 61, 46, 51, 40, 49, 51, 34, 52, 51, 38, 44, 37, 37, 44, 46, 32, 38, 28, 44, 36, 32, 44, 47, 30, 43, 43, 54, 44, 55, 44, 39, 52, 46, 29, 40, 39, 48, 39, 41, 32, 45, 39, 45, 34, 51, 50, 33, 44, 33, 43, 46, 41, 36, 61, 44, 36, 37, 31, 43, 53, 47, 47, 35, 39, 44, 48, 49, 39, 47, 38, 39, 39, 40, 42, 45, 46, 44, 45, 40, 41, 39, 39, 37, 40, 50, 30, 46, 33, 24, 48, 40, 46, 48, 40, 34, 41, 40, 44, 41, 45, 41, 36, 41, 36, 36, 40, 36, 48, 47, 41, 37, 49, 38, 49, 50, 43, 33, 33, 36, 47, 27, 36, 36, 40, 39, 39, 34, 30, 48, 41, 39, 43, 36, 45, 24, 50, 47, 40, 27, 37, 35, 35, 29, 45, 35, 43, 39, 35, 32, 33, 39, 34, 36, 48, 32, 40, 35, 34, 36, 47, 44, 46, 46, 40, 38, 38, 32, 47, 35, 39, 42, 32, 26, 37, 39, 30, 46, 33, 33, 41, 32, 48, 46, 34, 44, 33, 34, 40, 30, 42, 40, 34, 35, 47, 39, 41, 32, 36, 37, 36, 40, 38, 44, 35, 53, 61, 41, 43, 59, 31, 39, 54, 50, 25, 48, 35, 41, 33, 48, 25, 38]
Leroy-Richardson [41, 43, 33, 30, 32, 39, 39, 40, 33, 39, 47, 33, 47, 46, 38, 35, 47, 39, 42, 56, 40, 37, 38, 50, 38, 50, 30, 52, 48, 47, 44, 42, 37, 38, 40, 43, 47, 49, 43, 43, 37, 62, 27, 35, 40, 37, 45, 40, 47, 44, 42, 39, 49, 51, 36, 38, 42, 40, 37, 49, 38, 51, 35, 44, 42, 43, 37, 39, 46, 43, 41, 35, 42, 35, 39, 39, 56, 58, 47, 51, 51, 43, 36, 36, 45, 38, 38, 37, 47, 38, 48, 36, 54, 39, 46, 48, 34, 45, 43, 39, 40, 33, 55, 40, 42, 49, 48, 42, 34, 40, 47, 41, 49, 51, 37, 45, 45, 45, 36, 36, 34, 50, 42, 39, 37, 47, 39, 38, 54, 32, 35, 51, 51, 51, 48, 37, 46, 35, 43, 33, 52, 33, 41, 47, 39, 46, 30, 51, 39, 37, 38, 37, 34, 40, 30, 32, 37, 36, 38, 39, 58, 40, 41, 52, 42, 30, 42, 49, 52, 35, 35, 42, 38, 39, 40, 42, 35, 43, 47, 39, 52, 30, 44, 47, 34, 35, 36, 46, 49, 38, 42, 46, 39, 32, 39, 32, 32, 49, 42, 42, 49, 52, 51, 34, 46, 30, 39, 39, 36, 44, 28, 46, 46, 40, 46, 37, 54, 30, 38, 32, 42, 37, 33, 40, 50, 43, 36, 46, 39, 39, 37, 64, 33, 36, 39, 37, 25, 34, 37, 53, 30, 35, 42, 30, 50, 35, 30, 37, 42, 50, 34, 46, 37, 38, 44, 42, 40, 45, 39, 35, 40, 48, 41, 39, 41, 35, 42, 33, 45, 45, 38, 44, 36, 33, 44, 35, 40, 48, 32, 52, 39, 47, 41, 44, 43, 39, 41, 43, 28, 34, 36, 34, 37, 34, 27, 50, 35, 50, 35, 41, 47, 37, 47, 35, 44, 50, 49, 30, 36, 43, 44, 38, 41, 51, 40, 53, 41, 61, 34, 37, 44, 36, 43, 50, 29, 39, 46, 45, 39, 53, 39, 38, 45, 42, 38, 42, 53, 44, 35, 34, 41, 38, 34, 32, 39, 37, 34, 41, 36, 47, 38, 48, 37, 49, 36, 30, 38, 38, 48, 37, 29, 40]
Tony-Brothers [49, 41, 43, 43, 45, 49, 35, 45, 48, 40, 40, 42, 50, 47, 44, 44, 36, 40, 38, 34, 45, 46, 43, 56, 30, 41, 55, 40, 50, 32, 45, 48, 46, 46, 52, 60, 39, 43, 42, 40, 43, 49, 51, 50, 43, 42, 36, 43, 48, 42, 46, 46, 41, 42, 45, 27, 44, 52, 44, 41, 47, 50, 33, 47, 34, 34, 39, 41, 49, 40, 39, 41, 52, 43, 30, 45, 27, 47, 41, 31, 34, 45, 34, 58, 47, 49, 44, 57, 46, 35, 39, 40, 36, 37, 41, 38, 45, 42, 39, 29, 33, 34, 34, 40, 38, 57, 42, 34, 49, 33, 36, 48, 48, 40, 41, 48, 50, 44, 40, 28, 46, 41, 49, 44, 40, 42, 41, 33, 32, 53, 38, 39, 47, 41, 32, 37, 45, 41, 34, 37, 47, 49, 47, 47, 39, 41, 37, 49, 46, 39, 45, 39, 49, 42, 41, 31, 35, 37, 51, 41, 37, 40, 41, 47, 40, 55, 38, 41, 34, 36, 50, 38, 52, 47, 48, 41, 46, 39, 46, 34, 40, 37, 44, 40, 53, 36, 47, 41, 47, 42, 35, 44, 40, 44, 42, 43, 39, 40, 44, 38, 40, 32, 32, 37, 38, 42, 39, 38, 37, 47, 51, 36, 38, 31, 52, 37, 52, 47, 49, 31, 38, 33, 42, 29, 43, 40, 42, 38, 42, 45, 40, 37, 43, 33, 34, 33, 30, 38, 38, 46, 37, 36, 41, 43, 39, 43, 28, 36, 41, 43, 25, 36, 34, 36, 40, 23, 40, 40, 29, 36, 44, 40, 37, 43, 27, 29, 29, 29, 31, 45, 26, 38, 42, 44, 38, 39, 38, 34, 30, 39, 36, 51, 41, 35, 49, 34, 30, 45, 48, 27, 43, 52, 38, 39, 36, 42, 28, 39, 46, 39, 35, 34, 30, 40, 52, 28, 42, 52, 40, 48, 33, 37, 39, 35, 58, 45, 54, 47, 47, 40, 41, 53, 45, 45, 39, 47, 43, 39, 34, 49, 43, 36, 36, 46, 35, 37, 28, 34, 42, 41, 34, 48, 38, 41, 40, 40, 36, 44, 42, 38, 31, 50, 41, 40, 44, 38, 33, 51, 41, 45, 51, 36, 33, 41, 40, 42, 48, 33, 58, 44, 34, 44, 39, 46, 37, 47, 56, 48, 38]
Josh-Tiven [50, 48, 44, 34, 50, 53, 55, 30, 34, 46, 47, 32, 42, 42, 55, 39, 43, 40, 41, 50, 47, 38, 52, 46, 41, 33, 43, 35, 38, 44, 43, 46, 45, 49, 46, 35, 43, 38, 42, 47, 46, 34, 28, 38, 45, 42, 35, 44, 45, 32, 33, 43, 38, 43, 38, 37, 37, 42, 35, 39, 40, 42, 39, 38, 57, 44, 40, 39, 40, 32, 54, 43, 47, 40, 40, 55, 53, 43, 31, 37, 44, 34, 37, 36, 43, 46, 33, 32, 33, 45, 41, 48, 50, 41, 44, 37, 45, 38, 41, 42, 42, 44, 30, 38, 37, 42, 28, 33, 34, 38, 36, 38, 30, 38, 42, 38, 38, 44, 50, 40, 41, 42, 48, 50, 38, 41, 40, 33, 41, 45, 39, 36, 48, 38, 43, 33, 43, 33, 35, 39, 38, 39, 30, 41, 43, 26, 32, 39, 51, 57, 53, 39, 43, 45, 41, 50, 40, 41, 33, 38, 52, 42, 53, 36, 40, 59, 41, 42, 38, 46, 38, 42, 40, 41, 44, 45, 38, 36, 39, 43, 38, 67, 48, 39, 53, 40, 33, 33, 31, 36, 45, 38, 41, 30, 35, 46, 31, 44, 33, 48, 41, 32, 37, 34, 34, 47, 41, 44, 39, 44, 33, 35, 50, 44, 35, 43, 48, 40, 37, 39, 38, 36, 49, 54, 37, 43, 45, 45, 27, 46, 28, 40]
Kipp-Kissinger [37, 37]
James-Williamson [37, 40]
Steve-Anderson [32, 37, 48, 42, 48, 36, 46, 32]
Ron-Garretson [46, 58, 33, 49, 38, 43, 40, 40, 35, 34, 52, 40, 41, 49, 34, 34, 42, 48, 38, 35, 47, 37, 37, 55, 38, 35, 39, 45, 41, 37, 37, 40, 37, 50, 30, 45, 39, 47, 52, 43, 39, 42, 38, 47, 40, 37, 36, 29, 50, 50, 33, 44, 34, 35, 49, 38, 37, 43, 62, 42, 51, 31, 38, 42, 33, 48, 36, 35, 38, 38, 37, 39, 41, 47, 46, 30, 41, 43, 45, 44, 52, 47, 47, 33, 35, 56, 41, 45, 45, 48, 36, 51, 38, 21, 48, 45, 58, 42, 41, 42, 36, 40, 39, 50, 49, 40, 33, 52, 33, 41, 41, 44, 40, 38, 33, 40, 26, 50, 38, 40, 47, 51, 41, 36, 47, 42, 28, 48, 36, 50, 32, 35, 34, 41, 46, 43, 46, 33, 44, 42, 36, 39, 32, 34, 33, 33, 43, 41, 48, 32, 42, 35, 38, 56, 31, 43, 61, 23, 33, 36, 46, 28, 56, 34, 40, 39, 48, 44, 39, 51, 39, 46, 35, 37, 18, 40, 36, 39, 27, 32, 37, 41, 42, 33, 45, 31, 30, 47, 40, 37, 40, 39, 37, 36, 34, 40, 39, 35, 42, 56, 40, 43, 47, 33, 38, 31, 45, 34, 36, 36, 41, 44, 58, 32, 36, 28, 36, 49, 50, 35, 27, 24, 34, 33, 38, 34, 36, 27, 46, 27, 41, 37, 30, 36, 62, 35, 39, 48, 39, 37, 37, 31, 44, 48, 43, 34, 47, 51, 44, 29, 29, 25, 33, 28, 39, 38, 32, 34, 46, 43, 38, 40, 40, 38, 47, 30, 36, 49, 42, 54, 35, 29, 41, 43, 34, 41, 41, 29, 27, 38, 38, 28, 46, 40, 33, 47, 34, 31, 37, 39, 28, 51, 38, 48, 37, 41, 43, 43, 31, 46, 38, 29, 34, 35, 37, 42, 30, 37, 40, 44, 38, 39, 29, 31, 42, 27, 34, 24, 42, 40, 35, 34, 37, 39, 32, 49, 28, 40, 57, 46, 44, 37, 36, 36, 34, 39, 41, 36, 42, 31, 31, 44, 34, 37, 29, 43, 24, 45, 31, 33, 40, 47, 43, 37, 51, 44, 30, 40, 43, 38, 47, 49, 33, 34, 35, 54, 38, 29, 43, 35, 39, 31, 42, 32, 36, 42, 38, 38, 32, 32, 38, 32, 44, 40, 41]
Michael-Smith [31, 41, 34, 41, 40, 42, 37, 43, 34, 44, 44, 51, 48, 55, 45, 30, 33, 40, 46, 37, 40, 44, 37, 48, 33, 55, 46, 55, 53, 42, 39, 29, 41, 42, 39, 50, 35, 43, 51, 61, 39, 48, 46, 62, 40, 47, 43, 51, 39, 41, 46, 45, 51, 54, 46, 42, 42, 37, 34, 42, 51, 38, 31, 47, 34, 47, 42, 38, 35, 38, 42, 41, 51, 57, 42, 49, 44, 41, 41, 48, 31, 33, 56, 40, 26, 50, 44, 44, 45, 36, 51, 46, 47, 40, 42, 42, 32, 42, 41, 52, 41, 52, 49, 40, 52, 43, 41, 49, 41, 55, 45, 53, 33, 46, 44, 38, 48, 33, 40, 45, 45, 47, 36, 33, 48, 42, 41, 43, 48, 50, 32, 40, 45, 35, 37, 51, 43, 43, 36, 51, 32, 44, 49, 30, 29, 44, 56, 41, 53, 47, 31, 42, 45, 49, 35, 30, 40, 44, 36, 42, 50, 40, 45, 35, 44, 34, 45, 59, 37, 51, 40, 26, 49, 39, 39, 43, 31, 38, 48, 35, 45, 42, 43, 52, 43, 55, 35, 44, 44, 62, 53, 37, 32, 50, 44, 40, 39, 43, 37, 40, 39, 41, 25, 43, 39, 34, 34, 44, 38, 39, 34, 39, 38, 51, 40, 40, 42, 51, 38, 43, 50, 33, 40, 43, 44, 39, 38, 36, 35, 41, 42, 34, 46, 37, 51, 51, 40, 37, 35, 31, 29, 49, 36, 36, 31, 48, 36, 32, 33, 38, 47, 44, 30, 36, 44, 40, 38, 25, 53, 49, 43, 41, 33, 43, 33, 33, 31, 35, 38, 39, 40, 50, 37, 29, 33, 47, 43, 44, 33, 46, 44, 38, 42, 38, 47, 40, 40, 43, 26, 27, 32, 36, 55, 54, 29, 39, 45, 43, 44, 33, 33, 51, 36, 42, 47, 42, 35, 50, 44, 41, 52, 32, 31, 30, 42, 23, 47, 40, 46, 48, 41, 54, 42, 49, 46, 37, 49, 36, 42, 36, 40, 44, 44, 39, 43, 32, 56, 40, 40, 40, 43, 46, 40, 36, 42, 34, 33, 40, 63, 61, 45, 39, 31, 45, 44, 34, 49, 58, 44, 53, 37, 39, 31, 42, 38, 43, 41, 48, 45, 61, 41, 33, 52, 48]
Mark-Wunderlich [46, 43, 33, 37, 44, 40, 49, 32, 51, 48, 55, 41, 38, 30, 34, 45, 40, 48, 46, 47, 46, 36, 38, 41, 38, 40, 50, 22, 41, 55, 46, 52, 39, 29, 41, 39, 44, 34, 39, 41, 44, 40, 42, 33, 46, 44, 34, 44, 31, 46, 40, 46, 26, 35, 43, 39, 33, 28, 42, 45, 38, 35, 41, 36, 43, 34, 45, 35, 44, 38, 41, 42, 42, 37, 38, 40, 47, 29, 34, 37, 39, 39, 26, 37, 35, 47, 39, 33, 50, 34, 36, 41, 41, 43, 32, 43, 45, 41, 40, 38, 42, 41, 41, 46, 35, 32, 46, 51, 39, 40, 40, 46, 44, 40, 36, 48, 39, 42, 44, 51, 54, 35]
Matt-Myers [44, 36, 47, 37, 57, 45, 43, 42, 26]
Haywoode-Workman [34, 42, 40, 41, 33, 29, 44, 44, 39, 38, 44, 30, 51, 41, 57, 40, 42, 37, 52, 49, 46, 38, 40, 39, 47, 48, 42, 41, 43, 42, 57, 40, 42, 48, 41, 44, 45, 49, 19, 41, 42, 46, 47, 52, 48, 39, 37, 36, 38, 49, 44, 38, 53, 27, 42, 30, 37, 45, 40, 28, 32, 34, 47, 44, 46, 48, 41, 35, 35, 35, 38, 45, 43, 44, 39, 39, 37, 46, 38, 37, 32, 41, 41, 39, 40, 49, 39, 42, 55, 46, 41, 48, 40, 26, 39, 37, 41, 41, 43, 42, 38, 42, 33, 40, 34, 51, 39, 43, 51, 35, 41, 41, 44, 46, 39, 40, 37, 45, 42, 41, 35, 35, 35, 37, 41, 33, 44, 41, 37, 34, 38, 39, 37, 52, 58, 43, 48, 49, 26, 49, 60, 49, 43, 41, 46, 44, 31, 30, 47, 47, 32, 37, 46, 42, 46, 46, 30, 51, 36, 32, 44, 35, 34, 36, 33, 38, 39, 40, 31, 46, 53, 46, 30, 30, 31, 42, 34, 56, 47, 30, 42, 40, 37, 41, 34, 43, 34, 42, 26, 36, 34, 39, 40, 37, 50, 45, 33, 37, 48, 26, 43, 40, 43, 46, 41, 25, 40, 27, 23, 26, 40, 29, 37, 48, 41, 31, 33, 37, 50, 33, 38, 29, 35, 25, 42, 52, 42, 36, 32, 33, 44, 41, 38, 37, 38, 34, 30, 37, 41, 52, 45, 41, 40, 41, 29, 45, 38, 39, 36, 40, 42, 37, 53, 35, 36, 30, 37, 40, 29, 50, 32, 34, 40, 32, 44, 57, 41, 30, 36, 37, 34, 40, 49, 35, 39, 31, 46, 32, 27, 24, 39, 36, 36, 51, 50, 39, 29, 33, 42, 28, 33, 40, 29, 38, 37, 40, 26, 38, 48, 26, 41, 37, 42, 35, 33, 38, 36, 32, 35, 35, 42, 41, 47, 47, 42, 42, 41, 52, 48, 40, 43]
Kane-Fitzgerald [52, 41, 47, 42, 42, 38, 49, 39, 34, 44, 44, 41, 49, 35, 33, 39, 41, 50, 48, 34, 37, 36, 31, 39, 33, 45, 41, 41, 37, 50, 43, 53, 46, 34, 46, 41, 24, 41, 44, 33, 40, 38, 50, 38, 50, 41, 49, 41, 45, 34, 37, 41, 41, 43, 44, 43, 37, 34, 49, 36, 41, 56, 36, 48, 46, 51, 35, 37, 37, 36, 34, 50, 43, 56, 30, 52, 51, 35, 40, 38, 38, 37, 39, 43, 34, 51, 38, 56, 42, 47, 54, 35, 38, 40, 41, 43, 34, 43, 44, 48, 42, 50, 43, 45, 37, 39, 37, 43, 47, 45, 44, 43, 40, 39, 50, 47, 34, 39, 39, 33, 40, 32, 36, 44, 39, 43, 39, 40, 37, 42, 42, 34, 46, 44, 28, 42, 42, 38, 53, 42, 31, 49, 40, 59, 27, 33, 38, 36, 34, 44, 49, 62, 47, 35, 52, 50, 33, 47, 36, 33, 38, 32, 34, 29, 38, 46, 28, 42, 37, 48, 47, 46, 27, 40, 34, 49, 47, 35, 33, 40, 43, 36, 40, 37, 61, 41, 33, 41, 30, 50, 43, 36, 46, 48, 28, 49, 34, 43, 42, 35, 45, 42, 49, 34, 45, 39, 40, 39, 47, 47, 45, 40, 37, 59, 32, 41, 37, 29, 41, 41, 33, 39, 48, 39, 44, 38, 36, 26, 38, 33, 41, 29, 44, 42, 41, 37, 54, 44, 39, 29, 39, 41, 49, 28, 31, 53, 51, 47, 47, 56, 54, 28, 20, 36, 41, 32, 43, 39, 34, 46, 53, 41, 42, 38, 49, 47, 44, 46, 46, 32, 35, 43, 44, 35, 44, 37, 32, 32, 44, 37, 30, 43, 41, 49, 36, 41, 36, 39, 41, 35, 51, 34, 53, 41, 34, 37, 38, 33, 44, 38, 24, 37, 41, 38, 44, 33, 30]
Kevin-Fehr [49, 36, 36, 44, 53, 56, 53, 44, 36, 34, 38, 39, 41, 38, 50, 44, 45, 49, 45, 32, 42, 40, 44, 42, 35, 34, 41, 37, 41, 57, 42, 39, 46, 41, 43, 57, 41, 31, 26, 45, 35, 50, 33, 38, 48, 37, 50, 41, 36, 46, 31, 37, 43, 37, 31, 34, 37, 45, 33, 47, 34, 42, 50, 18, 44, 35, 41, 43, 43, 38, 32, 47, 55, 36, 33, 40, 47, 41, 29, 48, 41, 49, 44, 36, 48, 54, 38, 46, 37, 42, 34, 40, 37, 48, 33, 39, 31, 46, 38, 53, 41, 34, 33, 42, 38, 45, 38, 48, 44, 41, 49, 42, 29, 38, 38, 37, 45, 48, 53, 40, 54, 36, 43, 53, 37, 32, 48, 38, 44, 35, 46, 50, 36, 37, 38, 26, 38, 37, 52, 46, 41, 43, 53, 34, 39, 42, 37, 38, 51, 34, 41, 33, 40, 41, 45, 39, 37, 40, 28, 34, 30, 53, 46, 41, 50, 38, 38, 47, 35, 35, 44, 39, 50, 47, 45, 46, 27, 45, 41, 32, 49, 37, 30, 43, 43, 41, 50, 42, 38, 39, 33, 41, 37, 36, 33, 40, 39, 36, 42, 37, 36, 41, 43, 35, 54, 35, 27, 40, 39, 48, 37, 50, 27, 27, 44, 39, 34, 33, 26, 38, 42, 55, 27, 43, 31, 33, 46, 46, 45, 57, 33, 41, 37, 45, 40, 41, 36, 39, 27, 40, 32, 43, 48, 43, 37, 49, 54, 28, 41, 37, 48, 37, 38, 41, 34, 35, 48, 39, 37, 45, 25, 39, 21, 38, 52, 35, 40, 47, 41, 32, 38, 41, 40, 36, 43, 43, 50, 37, 26, 41, 40, 30, 41, 34, 38, 35, 35, 35, 37, 51, 52]
Dick-Bavetta [34, 45, 45, 36, 53, 53, 46, 37, 35, 34, 54, 39, 57, 35, 36, 44, 39, 48, 43, 33, 41, 39, 50, 30, 39, 30, 37, 42, 48, 30, 41, 50, 52, 54, 49, 48, 60, 41, 46, 42, 47, 37, 40, 40, 51, 53, 47, 48, 44, 46, 58, 42, 46, 49, 46, 45, 37, 40, 41, 41, 44, 36, 34, 47, 30, 44, 33, 37, 40, 38, 42, 44, 57, 42, 39, 49, 32, 48, 46, 31, 40, 31, 48, 48, 41, 38, 42, 43, 43, 45, 36, 43, 31, 46, 33, 38, 31, 40, 38, 52, 34, 34, 53, 39, 46, 34, 49, 41, 40, 40, 41, 37, 40, 57, 38, 47, 35, 47, 40, 46, 41, 30, 32, 38, 46, 51, 32, 35, 47, 48, 35, 48, 49, 51, 47, 48, 49, 36, 47, 39, 41, 45, 53, 50, 49, 33, 40, 33, 49, 47, 37, 40, 42, 33, 56, 42, 49, 50, 41, 50, 39, 50, 52, 31, 59, 46, 40, 51, 37, 55, 35, 42, 39, 41, 45, 43, 37, 45, 37, 50, 42, 49, 51, 50, 37, 32, 42, 42, 44, 52, 48, 41, 54, 47, 37, 35, 39, 44, 36, 23, 40, 41, 33, 39, 56, 50, 49, 34, 45, 39, 32, 31, 27, 40, 42, 42, 48, 39, 44, 43, 45, 25, 35, 49, 57, 44, 38, 52, 40, 40, 37, 33, 43, 45, 43, 43, 39, 50, 42, 44, 42, 36, 45, 26, 37, 40, 41, 43, 42, 25, 41, 41, 40, 38, 39, 49, 33, 44, 36, 36, 38, 34, 34, 53, 38, 39, 42, 26, 32, 41, 47, 36, 44, 40, 41, 51, 44, 42, 35, 26, 38, 40, 42, 40, 41, 50, 41, 41, 28, 38, 48, 46, 35, 33]
Antonio-Conde [35]
Eddie-F.-Rush [43, 33, 46, 42, 47, 46, 37, 46, 54, 31, 54, 43, 44, 34, 41, 45, 39, 39, 27, 49, 50, 41, 41, 37, 42, 47, 41, 48, 46, 50, 50, 46, 42, 42, 39, 49, 41, 33, 57, 39, 24, 35, 32, 43, 51, 38, 41, 37, 37, 61, 35, 44, 45, 40, 33, 35, 44, 28, 31, 34, 32, 42, 51, 35, 49, 42, 43, 41, 36, 42, 47, 34, 44, 28, 35, 44, 42, 35, 49, 45, 57, 39, 45, 35, 41, 44, 44, 41, 42, 39, 53, 38, 37, 49, 39, 39, 37, 53, 37, 39, 45, 43, 42, 54, 44, 46, 44, 55, 50, 48, 39, 42, 42, 45, 44, 45, 36, 38, 40, 41, 41, 43, 40, 45, 41, 43, 46, 33, 40, 36, 56, 43, 40, 38, 44, 39, 36, 40, 41, 41, 29, 38, 47, 44, 42, 56, 46, 48, 39, 36, 31, 45, 41, 45, 40, 47, 32, 41, 40, 40, 46, 49, 42, 44, 36, 49, 44, 36, 33, 48, 30, 47, 47, 38, 37, 46, 41, 47, 32, 41, 35, 43, 51, 41, 30, 41, 37, 39]
Steven-Anderson [42, 51, 49, 40, 43, 33, 44, 34, 34, 53, 28, 41, 43, 47, 43, 42, 56, 46, 39, 32, 45, 48, 44, 50, 38, 38, 36, 43, 46, 32, 41, 43, 26, 46, 40, 28, 46, 38, 37, 45, 42, 46, 44, 45, 34, 43, 38, 60, 35, 33, 53, 43, 31, 39, 30, 26, 38, 43, 32, 39, 35, 34, 43, 35]
Joe-Forte [31, 41, 36, 40, 42, 46, 37, 46, 44, 51, 43, 46, 37, 42, 51, 59, 50, 41, 45, 45, 34, 41, 36, 38, 39, 48, 51, 46, 43, 48, 50, 28, 42, 46, 49, 54, 51, 42, 39, 39, 32, 42, 40, 41, 35, 40, 40, 47, 37, 54, 50, 45, 37, 42, 31, 37, 38, 33, 54, 47, 36, 39, 39, 44, 44, 41, 38, 41, 42, 47, 40, 48, 50, 47, 32, 53, 43, 32, 39, 42, 40, 38, 44, 30, 34, 41, 40, 40, 40, 50, 53, 36, 40, 47, 43, 39]
John-Goble [46, 54, 40, 45, 37, 48, 40, 48, 58, 41, 38, 34, 39, 40, 62, 49, 48, 45, 61, 49, 42, 41, 46, 42, 43, 35, 38, 47, 37, 48, 34, 35, 44, 44, 47, 41, 40, 34, 50, 47, 35, 44, 52, 54, 36, 45, 40, 27, 51, 50, 47, 38, 37, 34, 41, 49, 37, 28, 41, 48, 31, 43, 35, 35, 45, 35, 27, 35, 60, 48, 37, 39, 36, 37, 52, 31, 33, 47, 32, 42, 38, 32, 35, 37, 45, 41, 39, 45, 41, 36, 45, 46, 49, 43, 42, 39, 33, 35, 40, 37, 40, 51, 39, 33, 51, 42, 41, 35, 41, 36, 38, 36, 36, 45, 46, 61, 39, 37, 43, 44, 53, 50, 35, 48, 47, 41, 46, 44, 31, 41, 43, 35, 41, 35, 45, 43, 33, 38, 45, 39, 44, 52, 39, 46, 37, 44, 46, 37, 43, 55, 43, 49, 38, 38, 38, 41, 42, 37, 18, 59, 43, 33, 42, 40, 38, 32, 39, 35, 28, 52, 36, 47, 30, 41, 39, 49, 41, 55, 39, 51, 36, 43, 43, 41, 34, 31, 41, 32, 38, 40, 43, 42, 57, 51, 36, 43, 46, 45, 36, 27, 31, 46, 36, 42, 43, 51, 46, 29, 37, 34, 44, 30, 40, 42, 47, 50, 37, 35, 35, 41, 36, 47, 32, 37, 36, 44, 44, 40, 49, 47, 43, 30, 33, 40, 45, 26, 43, 36, 41, 27, 40, 46, 43, 35, 37, 49, 50, 47, 34, 48, 39, 28, 37, 33, 38, 42, 47, 39, 42, 37, 32, 41, 39, 49, 39, 38, 46, 44, 44, 48, 45, 45, 32, 45, 34, 47, 47, 43, 41, 45, 35, 41, 52, 51, 30, 43, 34, 41, 48, 45, 36, 35, 43, 46, 36, 44, 33, 30, 39, 42, 40, 44, 44, 37, 45, 38, 41, 53, 47, 48, 33, 44, 35, 37, 33, 36, 50, 49, 38, 31, 38, 44, 54, 37, 43, 41, 42, 40, 41, 43, 30, 29, 41, 48, 29, 33, 50, 41, 34, 46, 61, 48, 39, 50, 34, 33, 38, 43, 38, 38, 32, 47, 41, 33, 39, 33, 29, 36, 39, 42, 35, 53, 29, 45, 39, 35, 44, 43, 48, 33, 32, 42, 32, 40, 32]
CJ-Washington [48, 46, 35, 34, 31, 40, 47, 25, 44, 36]
Olandis-Poole [35, 41, 45, 42, 37, 35, 48, 34, 30, 34, 52, 48, 30, 38, 51, 49, 47, 30, 40, 37, 35, 40, 32, 35, 43, 37, 40, 40, 47, 30, 49, 48, 45, 48, 43, 31, 31, 38, 54, 43, 39, 29, 43, 47, 26, 39, 43, 38, 41, 47, 42, 43, 42, 37, 49, 33, 34, 40, 40, 26, 43, 36, 35, 37, 41, 34, 48, 42, 39, 51, 30, 38, 43, 42, 39, 40, 38, 32, 34, 36, 41, 36, 38, 41, 40, 49, 46, 47, 36, 53, 41, 44, 45, 45, 41, 52, 32, 39, 32, 44, 38, 44, 39, 53, 51, 44, 46, 33, 44, 59, 39, 49, 36, 31, 44, 42, 46, 32, 41, 43, 37, 46, 56, 33, 43, 41, 39, 55, 40, 48, 46, 36, 33, 40, 40, 34, 38, 35, 44, 31, 33, 34, 39, 57, 28, 44, 46, 30, 44, 41, 38, 40, 35, 30, 46, 33, 35, 40, 39, 42, 43, 37, 46, 33, 41, 40, 35, 46, 45, 44, 41, 30, 49, 38, 37, 34, 45, 35, 39, 51, 40, 51, 45, 36, 34, 37, 53, 62, 44, 46, 44, 34, 41, 45, 33, 43, 47, 37, 36, 51, 55, 34, 35, 41, 44, 38, 38, 31, 44, 41, 33, 35, 45, 47, 36, 35, 35, 42, 34, 32, 35, 37, 44, 25, 36, 35, 49, 28, 38, 33, 33, 38, 36, 27, 37, 34, 29, 33, 44, 36, 50, 30, 44, 48, 44, 40, 39, 28, 37, 31, 22, 38, 34, 43, 57, 29, 51, 37, 41, 31, 30, 33, 39, 15, 32, 30, 32, 46, 59, 45, 33, 43, 50, 50, 33, 51, 29, 39, 44, 39, 35, 46, 38, 45, 37, 27, 54, 36, 40]
John-Gobel [34, 39, 48, 46, 40, 45, 44, 39, 33, 31, 36, 48, 51, 39]
Zach-Zarba [41, 44, 49, 47, 38, 32, 38, 36, 32, 33, 42, 55, 34, 39, 39, 47, 47, 48, 48, 42, 37, 47, 55, 43, 42, 38, 46, 48, 49, 48, 43, 43, 38, 42, 47, 49, 51, 37, 50, 37, 38, 40, 36, 41, 45, 48, 49, 27, 45, 52, 44, 44, 49, 40, 34, 47, 42, 44, 44, 34, 46, 45, 48, 55, 45, 39, 48, 40, 46, 48, 53, 51, 38, 42, 60, 44, 45, 42, 37, 49, 33, 41, 34, 48, 37, 45, 39, 43, 42, 36, 42, 51, 57, 50, 33, 40, 47, 46, 48, 38, 43, 42, 52, 38, 41, 38, 51, 44, 33, 41, 38, 44, 41, 43, 40, 33, 31, 40, 38, 35, 45, 34, 46, 46, 45, 42, 45, 40, 47, 40, 50, 47, 37, 43, 42, 29, 51, 39, 46, 30, 38, 35, 46, 40, 36, 41, 39, 52, 43, 44, 46, 45, 44, 35, 36, 32, 45, 43, 41, 50, 55, 58, 43, 35, 34, 49, 35, 56, 38, 44, 48, 45, 39, 37, 42, 43, 50, 33, 49, 41, 39, 28, 25, 57, 45, 38, 48, 41, 35, 47, 54, 33, 57, 44, 62, 37, 31, 44, 41, 39, 38, 28, 34, 43, 42, 48, 44, 33, 39, 33, 28, 52, 45, 39, 31, 35, 37, 34, 41, 44, 53, 47, 37, 28, 37, 54, 57, 30, 36, 32, 40, 49, 29, 39, 55, 33, 40, 42, 43, 40, 43, 59, 50, 45, 35, 37, 41, 30, 33, 53, 30, 42, 41, 39, 34, 44, 35, 40, 50, 50, 37, 43, 41, 48, 41, 40, 37, 40, 38, 43, 36, 41, 41, 43, 61, 36, 48, 40, 40, 49, 45, 43, 32, 41, 30, 53, 50, 40, 39, 48, 49, 49, 37, 40, 48, 36, 41, 47, 51, 42, 51, 39, 36, 31, 45, 49, 39, 40, 46, 47, 50, 34, 41, 40, 44, 44, 34, 34, 53, 32, 38, 33, 56, 41, 45, 46, 41, 38, 39, 53, 49, 32, 40, 46, 40, 50, 40, 49, 47, 39, 38, 40, 45, 39, 62, 46, 44, 48, 42, 39, 30, 33, 44, 48, 48, 39, 35, 44, 42, 37, 45, 36, 33, 58, 40, 35, 49, 44, 46, 49, 40, 34, 38, 38, 45, 41, 42, 43, 35, 35, 48, 35, 38, 44, 52, 38, 43]
Joe-Crawford [31, 47, 36, 47, 36, 35, 34, 51, 46, 45, 48, 44, 57, 59, 44, 41, 44, 43, 36, 44, 44, 51, 51, 43, 37, 37, 52, 39, 45, 43, 48, 33, 34, 49, 49, 35, 43, 51, 63, 49, 51, 58, 59, 50, 49, 43, 47, 34, 39, 46, 41, 34, 52, 33, 47, 41, 40, 51, 38, 48, 36, 49, 41, 32, 34, 48, 41, 38, 43, 35, 48, 38, 34, 45, 48, 39, 45, 53, 48, 39, 28, 42, 46, 39, 48, 47, 46, 43, 42, 36, 44, 52, 44, 38, 50, 41, 37, 44, 43, 36, 49, 38, 38, 38, 41, 36, 37, 51, 36, 36, 47, 48, 34, 34, 51, 49, 45, 54, 31, 42, 40, 43, 45, 44, 40, 36, 39, 35, 51, 39, 49, 46, 33, 34, 38, 42, 43, 37, 28, 35, 34, 46, 29, 33, 38, 35, 38, 31, 43, 44, 48, 45, 40, 44, 35, 47, 39, 46, 46, 43, 35, 31, 27, 42, 39, 37, 40, 48, 45, 38, 38, 35, 50, 35, 42, 40, 43, 40, 40, 44, 51, 49, 39, 43, 45, 41, 39, 48, 37, 28, 38, 32, 46, 48, 43, 38, 40, 24, 35, 40, 48, 33, 37, 50, 37, 38, 44, 42, 46, 52, 40, 35, 41, 27, 43, 39, 46, 38, 43, 40, 29, 37, 31, 45, 36, 43, 36, 36, 43, 53, 42, 49, 39, 43, 27, 37, 42, 36, 36, 52, 43, 48, 41, 38, 33, 37, 44, 35, 38, 47, 41, 40, 28, 37, 26, 39, 38, 39, 40, 48, 43, 53, 50, 35, 35, 47, 39, 15, 38, 43, 40, 34, 35, 57, 47, 26, 43, 49, 35, 45, 54, 45, 51, 39, 42, 43, 44, 40, 33, 38, 47, 43, 46, 46, 49, 35, 28, 33, 41, 36, 35, 41, 26, 40, 44, 37, 28, 39, 32, 34, 51, 37, 39, 32, 30, 26, 37, 28, 43, 25, 34, 43, 38, 41, 42, 33, 32, 46, 40, 52, 46, 44, 47, 20, 59, 34, 36, 33, 33, 47, 41, 30, 37, 40, 39, 59, 63, 38, 35, 42, 29, 35, 38, 40]
Sean-Corbin [37, 40, 36, 41, 42, 34, 49, 48, 42, 51, 37, 31, 38, 42, 46, 43, 44, 42, 33, 42, 40, 45, 42, 40, 42, 41, 38, 35, 43, 34, 39, 32, 38, 44, 43, 49, 56, 52, 42, 46, 45, 45, 40, 39, 34, 36, 43, 37, 36, 43, 40, 36, 50, 46, 54, 38, 42, 51, 31, 54, 52, 38, 46, 42, 46, 41, 35, 39, 38, 32, 46, 50, 48, 49, 44, 48, 45, 55, 41, 41, 45, 45, 54, 43, 43, 40, 44, 33, 43, 52, 32, 47, 41, 57, 50, 50, 53, 45, 32, 44, 41, 42, 42, 39, 40, 41, 42, 53, 38, 39, 40, 41, 46, 41, 47, 39, 42, 37, 45, 39, 54, 55, 41, 42, 37, 37, 37, 34, 38, 31, 41, 35, 52, 44, 35, 51, 44, 44, 32, 30, 44, 45, 34, 28, 40, 31, 28, 26, 39, 39, 33, 39, 37, 39, 50, 35, 37, 35, 40, 47, 43, 27, 34, 34, 30, 35, 42, 33, 41, 36, 45, 41, 43, 48, 41, 42, 40, 44, 42, 47, 27, 35, 35, 33, 52, 39, 45, 47, 48, 40, 43, 26, 44, 44, 46, 34, 34, 46, 35, 38, 43, 39, 34, 36, 36, 49, 45, 39, 36, 40, 52, 44, 38, 33, 48, 30, 38, 45, 40, 41, 37, 53, 40, 60, 39, 48, 54, 36, 37, 41, 39, 35, 33, 42, 36, 40, 32, 43, 28, 42, 39, 46, 47, 42, 46, 52, 40]
Derrick-Collins [41, 32, 43, 45, 48, 40, 34, 47, 51, 48, 44, 51, 45, 42, 40, 43, 38, 41, 55, 34, 25, 41, 49, 42, 46, 51, 44, 44, 57, 34, 49, 24, 38, 44, 40, 41, 47, 31, 46, 40, 34, 33, 30, 43, 44, 28, 38, 37, 35, 32, 45, 41, 40, 45, 39, 36, 45, 46, 38, 48, 47, 45, 43, 44, 42, 43, 32, 53, 41, 36, 34, 56, 46, 35, 44, 39, 38, 39, 39, 41, 49, 36, 44, 52, 35, 44, 36, 36, 41, 37, 49, 38, 39, 39, 48, 37, 32, 38, 44, 44, 44, 33, 45, 39, 51, 49, 36, 39, 42, 42, 46, 49, 38, 40, 47, 35, 39, 32, 37, 39, 50, 36, 40, 42, 43, 45, 40, 45, 51, 32, 34, 48, 48, 47, 42, 44, 45, 35, 38, 45, 39, 31, 49, 44, 30, 47, 47, 37, 40, 33, 45, 50, 49, 34, 56, 39, 42, 42, 50, 48, 36, 36, 45, 37, 48, 41, 37, 44, 37, 32, 53, 35, 41, 46, 39, 39, 37, 46, 40, 42, 50, 46, 42, 49, 38, 42, 42, 40, 39, 44, 52, 44, 49, 34, 32, 40, 33, 32, 36, 39, 36, 47, 36, 36, 43, 46, 35, 45, 24, 52, 46, 43, 48, 29, 39, 40, 45, 35, 43, 34, 36, 33, 43, 32, 48, 42, 33, 40, 48, 40, 48, 42, 44, 41, 44, 45, 36, 39, 43, 48, 33, 55, 39, 41, 34, 43, 29, 44, 40, 44, 30, 37, 50, 43, 34, 38, 47, 29, 37, 41, 31, 52, 41, 37, 40, 40, 45, 44, 41, 40, 48, 48, 37, 43, 48, 30, 37, 41, 47, 45, 38, 23, 24, 35, 40, 42, 42, 37, 36, 41, 45, 48, 35, 35, 43, 43, 33, 32, 39, 34, 36, 50, 37, 48, 33, 38, 47, 47, 33, 34, 35, 49, 36, 31, 37, 41, 37, 48, 45, 39, 33, 41, 50, 41, 44, 38, 41, 37, 43, 38, 46, 40, 35, 54, 40, 31, 29, 34, 40, 37, 30, 32, 31, 56, 47, 35, 40, 49, 41, 46, 44, 38, 42, 40, 52, 44, 31, 45, 41, 45, 29, 44, 57, 41, 34, 51, 46, 53, 42, 48, 38, 54, 38, 42, 33, 40, 32, 34, 48]
Phil-Robinson [30, 58, 50, 45, 43, 37, 38, 38, 35, 53, 51, 54, 43, 39, 48, 39, 39, 39, 38, 41, 34, 45, 40, 53, 49, 47, 40, 30, 29, 42, 47, 42, 36, 40, 50, 38, 66, 50, 35, 43, 41, 37, 46, 26, 42, 42, 45, 31, 42, 38, 41, 44, 46, 47, 56, 34, 42, 25, 42, 47, 42, 57, 41, 38, 52, 49, 34, 52, 39, 57, 49, 35, 39, 38, 36, 37, 43, 41, 45, 42, 38, 50, 34, 41, 40, 48, 39, 38, 37, 34, 33, 55, 43, 49, 55, 45, 50, 39, 51, 28, 40, 53, 36, 39, 40, 38, 42, 51, 44, 48, 36, 38, 50, 41, 43, 32, 45]
Matt-Boland [41, 41, 51, 33, 39, 53, 36, 51, 49, 42, 32, 37, 46, 51, 38, 54, 48, 41, 43, 39, 49, 48, 47, 52, 45, 47, 41, 22, 47, 55, 50, 49, 45, 42, 48, 53, 39, 41, 42, 39, 40, 36, 51, 33, 34, 48, 35, 40, 44, 50, 56, 32, 37, 42, 33, 41, 35, 42, 50, 47, 38, 41, 32, 41, 43, 41, 38, 47, 52, 44, 47, 47, 45, 41, 39, 40, 41, 44, 42, 50, 37, 44, 37, 36, 53, 38, 44, 37, 49, 45, 47, 50, 41, 41, 37, 43, 40, 57, 41, 53, 46, 43, 36, 46, 41, 34, 44, 53, 35, 36, 32, 40, 32, 46, 39, 40, 50, 37, 48, 41, 43, 41, 35, 40, 38, 44, 46, 51, 35, 43, 37, 35, 47, 39, 44, 55, 51, 30, 45, 55, 36, 35, 31, 45, 36, 31, 51, 40, 42, 42, 38, 47, 41, 50, 40, 38, 49, 33, 38, 41, 44, 41, 45, 45, 41, 50, 46, 38, 53, 28, 49, 38, 45, 55, 38, 39, 41, 30, 39, 60, 50, 32, 42, 42, 35, 46, 45, 36, 50, 42, 37, 47, 51, 43, 35, 43, 36, 31, 37, 55, 42, 58, 38, 34, 37, 42, 30, 30, 39, 34, 41, 46, 21, 32, 44, 48, 38, 38, 46, 46, 34, 35, 41, 23, 44, 47, 33, 34, 33, 42, 45, 55, 31, 40, 34, 39, 47, 37, 43, 36, 42, 41, 39, 45, 37, 32, 49, 33, 39, 37, 37, 40, 32, 36, 44, 39, 30, 23, 43, 42, 34, 49, 25, 31, 40, 43, 61, 52, 45, 31, 47, 40, 36, 33, 28, 40, 46, 45, 49, 47, 32, 28, 42, 40, 40, 50, 34, 42, 44, 38, 34, 48, 41, 45, 44, 37, 31, 45, 35, 32, 46, 37, 38, 33, 38, 46, 48, 50, 26, 37, 46, 67, 53, 44, 31, 39, 42, 35, 44, 46, 39, 33, 33, 46, 45, 41, 41, 53, 42, 39, 42, 40, 49, 44, 49, 41, 44, 37, 42, 44, 38, 45, 45, 45, 37, 39, 53, 33, 36, 43, 37]
Mark-Ayotte [41, 34, 33, 53, 37, 57, 49, 47, 36, 38, 48, 44, 52, 34, 53, 49, 46, 42, 42, 38, 37, 41, 35, 49, 56, 35, 48, 41, 42, 46, 29, 39, 58, 38, 37, 34, 49, 43, 48, 34, 42, 46, 35, 34, 46, 33, 26, 35, 44, 46, 40, 29, 28, 56, 42, 42, 36, 42, 31, 41, 27, 42, 46, 47, 48, 41, 40, 39, 50, 34, 42, 44, 39, 48, 43, 36, 49, 32, 36, 35, 43, 50, 48, 38, 39, 38, 41, 50, 42, 37, 46, 48, 48, 52, 29, 25, 57, 45, 32, 37, 41, 35, 40, 34, 39, 32, 41, 38, 37, 40, 38, 37, 39, 38, 49, 34, 41, 39, 46, 43, 41, 53, 44, 32, 39, 38, 45, 47, 46, 39, 41, 36, 40, 36, 41, 31, 32, 44, 53, 37, 31, 34, 46, 43, 45, 61, 32, 30, 39, 46, 44, 37, 40, 41, 44, 40, 37, 40, 32, 42, 37, 36, 36, 52, 41, 44, 38, 43, 42, 49, 43, 39, 33, 44, 39, 40, 33, 44, 37, 38, 40, 41, 44, 30, 47, 50, 33, 33, 34, 35, 36, 46, 37, 36, 32, 40, 40, 47, 34, 42, 40, 37, 40, 45, 36, 44, 53, 32, 34, 30, 33, 40, 37, 48, 27, 50, 34, 38, 41, 54, 36, 33, 37, 39, 36, 50, 38, 44, 51, 35, 47, 36, 46, 44, 29, 45, 38, 41, 33, 36, 38, 40, 49, 28, 48, 48, 46, 36, 40, 43, 43, 29, 35, 41, 47, 37, 43, 47, 44, 42, 32, 34, 37, 39, 38, 31, 40, 28, 46, 46, 41, 37, 44, 53, 46, 50, 35, 43, 45, 31, 43, 46, 30, 37, 40, 38, 56, 46, 47, 40, 33, 54, 32, 36, 33, 38, 39, 41, 41, 40, 44, 44, 32, 34, 46, 32, 28, 32, 42, 28, 40, 40, 49, 34, 34, 42, 46, 47, 36, 41, 62, 38, 40, 33, 46, 39, 47, 41, 27, 43, 41, 34, 44, 37, 45, 34, 42, 40, 34, 40, 48, 36, 43, 48, 40, 48, 28, 42, 40, 38, 40, 34, 33, 38, 49, 44, 54, 44, 36, 33, 45, 38, 37, 34, 40, 57, 35, 35, 38, 25, 32, 47]
Marc-Davis [41, 58, 26, 36, 44, 39, 37, 50, 53, 34, 43, 46, 38, 36, 41, 28, 36, 40, 43, 30, 49, 50, 46, 37, 47, 43, 42, 38, 46, 42, 46, 30, 49, 46, 40, 36, 34, 57, 36, 48, 42, 37, 38, 49, 39, 42, 37, 53, 29, 61, 37, 43, 42, 49, 52, 39, 44, 47, 38, 43, 42, 46, 46, 32, 37, 55, 32, 47, 39, 42, 47, 47, 39, 38, 45, 47, 44, 33, 40, 38, 39, 54, 41, 43, 44, 37, 35, 47, 40, 48, 43, 33, 38, 50, 50, 49, 47, 48, 52, 38, 41, 50, 43, 46, 41, 43, 33, 42, 55, 36, 32, 42, 32, 51, 48, 29, 57, 40, 43, 38, 39, 37, 40, 40, 48, 51, 38, 43, 37, 51, 39, 50, 35, 47, 38, 43, 37, 34, 39, 47, 45, 32, 35, 54, 52, 48, 39, 48, 48, 39, 48, 38, 41, 37, 39, 46, 35, 61, 45, 45, 37, 38, 38, 37, 48, 43, 45, 44, 34, 35, 37, 47, 41, 41, 38, 54, 51, 44, 44, 33, 49, 38, 41, 36, 32, 52, 48, 42, 43, 39, 43, 40, 25, 38, 39, 39, 45, 45, 37, 53, 43, 36, 33, 39, 36, 39, 35, 31, 46, 46, 35, 45, 41, 53, 40, 36, 44, 45, 38, 33, 41, 34, 33, 36, 32, 31, 39, 33, 40, 40, 44, 33, 41, 36, 44, 46, 43, 64, 37, 26, 33, 38, 33, 37, 25, 48, 32, 40, 43, 36, 28, 34, 41, 41, 34, 35, 37, 33, 30, 37, 50, 45, 29, 51, 48, 36, 41, 41, 29, 46, 48, 38, 41, 40, 45, 31, 39, 35, 46, 38, 50, 31, 34, 44, 30, 28, 30, 27, 34, 34, 44, 45, 44, 35, 48, 42, 37, 37, 40, 47, 41, 30, 50, 48, 33, 49, 42, 35, 38, 53, 52, 37, 35, 29, 41, 32, 23, 41, 28, 38, 31, 43, 44, 42, 43, 50, 28, 34, 39, 34, 36, 39, 38, 32, 33, 34, 54, 35, 36, 35, 35, 36, 32, 50, 31, 38, 43, 41, 38, 44, 35, 30, 31, 44, 40, 33, 53, 33, 27, 43, 41, 36, 36, 33, 54, 33, 37, 48, 38, 46, 30, 35, 30, 38, 33, 32, 42, 52, 37, 34, 34, 48, 43, 40, 43]
Ben-Taylor [31, 38, 32, 43, 44, 47, 49, 39, 44, 30, 47, 45, 49, 37, 38, 49, 33, 41, 40, 36, 41, 47, 44, 34, 41, 41, 44, 37, 37, 35, 53, 37, 46, 43, 36, 38, 35, 47, 48, 48, 50, 35, 44, 34, 42, 33, 44, 48, 34, 43, 41, 43, 53, 40, 50, 47, 41, 47, 43, 41, 40, 43, 47, 36, 63, 45, 28, 37, 40, 33]
Jack-Nies [44, 34, 40, 41, 34, 38, 59, 43, 55, 44, 42, 33, 40, 39, 40, 41, 47, 44, 48, 49, 35, 46, 39, 34, 49, 39, 45, 50, 33, 32, 41, 26, 39, 42, 38, 54, 32, 47, 44, 33, 37]
Curtis-Blair [41, 35, 31, 27, 37, 40, 54, 41, 42, 39, 44, 51, 43, 54, 40, 41, 39, 50, 43, 48, 41, 57, 45, 32, 41, 43, 31, 48, 43, 33, 39, 33, 29, 38, 33, 44, 39, 36, 51, 37, 33, 43, 50, 38, 31, 42, 41, 46, 39, 43, 35, 35, 39, 43, 34, 51, 43, 60, 33, 42, 46, 45, 37, 34, 38, 49, 49, 57, 39, 50, 45, 35, 44, 48, 46, 43, 40, 36, 37, 38, 52, 51, 44, 42, 40, 56, 36, 49, 39, 35, 49, 31, 34, 35, 49, 45, 42, 45, 56, 38, 34, 47, 40, 42, 49, 39, 36, 42, 36, 45, 34, 32, 61, 41, 51, 39, 33, 49, 37, 43, 45, 44, 45, 47, 44, 34, 33, 50, 50, 40, 37, 48, 41, 42, 56, 39, 48, 40, 46, 37, 37, 44, 39, 36, 43, 39, 45, 36, 42, 62, 53, 54, 50, 37, 43, 37, 37, 33, 49, 34, 46, 36, 33, 50, 43, 32, 43, 35, 39, 48, 42, 34, 35, 48, 32, 36, 41, 33, 27, 32, 29, 40, 54, 34, 48, 39, 51, 40, 38, 38, 47, 37, 37, 32, 48, 38, 37, 25, 44, 37, 40, 34, 41, 48, 25, 44, 38, 34, 45, 49, 46, 49, 35, 25, 51, 51, 28, 33, 46, 42, 33, 41, 44, 43, 46, 48, 40, 40, 42, 49, 39, 47, 33, 54, 33, 32, 35, 38, 43, 39, 51, 36, 49, 44, 37, 36, 35, 38, 32, 53, 42, 45, 40, 40, 41, 39, 33, 32, 42, 31, 46, 31, 41, 31, 38, 50, 23, 42, 54, 47, 36, 37, 37, 39, 34, 51, 40, 41, 38, 39, 52, 30, 41, 35, 36, 38, 37, 45, 56, 39, 40, 49, 36, 37, 36, 33, 46, 35, 38, 36, 33, 39, 41, 43, 41, 33, 40, 41, 48, 41, 42, 38, 54, 48, 35, 33, 37, 32, 37, 41, 47, 56]
Jim-Clark [43, 47, 47, 32, 33, 40, 33, 44, 36, 51, 44, 59, 44, 36, 46, 44, 30, 42, 49, 41, 41, 34, 47, 34, 46, 43, 49, 49, 49, 45, 59, 37, 42, 40, 48, 44, 40, 37, 47, 52, 58, 45, 50, 36, 46, 29, 41, 44, 38, 28, 49, 42, 41, 54, 39, 42, 42, 37, 47]
Ron-Olesiak [38, 36, 33, 33, 45, 42, 31, 37, 46, 45, 35, 36, 38, 37, 48, 42, 37, 30, 50, 40, 33, 40, 43, 57, 39, 43, 29, 53, 41, 46, 39, 33, 51, 42, 30, 40, 54, 31, 39, 47, 39, 33, 54, 39]
Tyler-Ford [47, 50, 47, 38, 43, 42, 42, 45, 46, 36]
Greg-Willard [33, 39, 43, 42, 42, 41, 31, 53, 35, 47, 39, 58, 48, 43, 54, 39, 41, 49, 45, 46, 35, 47, 51, 34, 49, 34, 40, 33, 38, 47, 40, 40, 35, 38, 48, 47, 48, 33, 44, 44, 39, 43, 26, 34, 41, 37, 30, 40, 38, 50, 39, 40, 44, 37, 34, 39, 40, 47, 37, 49, 41, 45, 28, 46, 37, 46, 31, 43, 43, 34, 38, 32, 48, 35, 49, 55, 41, 41, 39, 45, 49, 35, 41, 45, 54, 38, 33, 30, 43, 37, 41, 48, 40, 32, 47, 57, 50, 43, 37, 39, 40, 41, 42, 53, 40, 39, 40, 41, 45, 48, 44, 33, 47, 49, 43, 49, 41, 38, 37, 36, 40, 40, 45, 50, 42, 36, 38, 42, 42, 40, 44, 36, 40, 53, 42, 51, 43, 45, 33, 32, 30, 52, 47, 43, 39, 46, 45, 38, 44, 42, 36, 41, 47, 32, 33, 36, 45, 40, 33, 50, 34, 39, 54, 40, 33, 43, 57, 33, 42, 49, 60, 48, 46, 51, 45, 41, 28, 57, 41, 45, 43, 35, 47, 47, 50, 34, 43, 46, 42, 25, 36, 31, 35, 32, 41, 45, 44, 37, 43, 38, 27, 32, 44, 47, 32, 24, 45, 37, 52, 36, 38, 39, 40, 42, 43, 31, 46, 36, 49, 33, 32, 33, 47, 36, 24, 48, 47, 35, 40, 29, 44, 35, 45, 41, 38, 46, 24, 39, 37, 48, 48, 36]
Eric-Lewis [48, 45, 49, 39, 37, 36, 43, 37, 32, 43, 49, 40, 48, 36, 51, 39, 53, 44, 44, 34, 48, 56, 30, 38, 30, 50, 32, 50, 42, 60, 36, 43, 22, 41, 49, 42, 47, 34, 66, 50, 39, 40, 40, 30, 50, 47, 50, 42, 41, 37, 49, 46, 41, 50, 36, 49, 39, 48, 51, 45, 42, 39, 43, 39, 49, 41, 38, 44, 51, 35, 36, 41, 31, 51, 49, 39, 38, 46, 41, 48, 41, 52, 35, 50, 44, 44, 45, 35, 53, 58, 47, 45, 38, 34, 51, 48, 48, 55, 36, 57, 39, 46, 35, 48, 36, 43, 32, 40, 36, 51, 42, 43, 59, 49, 40, 42, 41, 39, 45, 45, 40, 47, 46, 40, 46, 37, 41, 46, 36, 26, 38, 43, 46, 50, 52, 38, 39, 42, 44, 45, 34, 41, 32, 43, 39, 46, 51, 40, 49, 55, 43, 35, 39, 37, 45, 48, 33, 46, 34, 55, 47, 50, 58, 31, 43, 45, 33, 50, 50, 39, 52, 42, 38, 38, 39, 31, 38, 46, 44, 40, 37, 45, 40, 42, 40, 43, 37, 35, 45, 44, 42, 44, 44, 44, 33, 46, 34, 36, 43, 38, 40, 30, 32, 39, 50, 47, 51, 40, 44, 43, 43, 35, 36, 33, 42, 39, 68, 44, 30, 24, 40, 41, 37, 41, 52, 28, 31, 38, 32, 37, 48, 37, 42, 35, 46, 46, 33, 33, 33, 41, 44, 41, 29, 45, 49, 38, 41, 40, 37, 42, 36, 49, 27, 47, 44, 48, 35, 48, 43, 39, 50, 40, 43, 47, 53, 45, 28, 36, 51, 44, 47, 35, 39, 43, 33, 45, 39, 36, 41, 39, 40, 38, 34, 40, 35, 46, 38, 41, 43, 47, 36, 44, 49, 32, 28, 39, 38, 49, 37, 39, 38, 48, 52, 52, 34, 37, 40, 35, 40, 41, 43, 27, 47, 48, 33, 45, 38, 43, 35, 30, 41, 45, 41, 32, 48, 30, 48, 32, 58, 37, 53, 38, 48, 44, 42, 34, 42, 40, 39, 40, 50, 26, 30, 45, 37, 33, 43, 30, 26, 61, 44, 37, 38, 46, 41, 50, 49, 45, 37, 38, 40, 33, 43, 29, 57, 44, 29, 42, 38, 59, 45, 42, 39, 45, 35, 39, 41, 37, 45, 39, 63, 44, 52, 40, 39, 57, 35, 46, 33]
James-Williams [41, 46, 41, 48, 43, 40, 47, 44, 32, 55, 36, 49, 32, 47, 49, 50, 33, 38, 29, 37, 43, 48, 43, 49, 52, 49, 41, 45, 37, 45, 46, 43, 39, 47, 42, 43, 34, 38, 32, 48, 33, 42, 39, 44, 37, 39, 30, 35, 45, 41, 37, 39, 37, 37, 47, 38, 44, 44, 55, 40, 43, 55, 39, 36, 58, 39, 35, 39, 45, 43, 36, 32, 34, 35, 45, 52, 41, 48, 53, 53, 35, 29, 33, 57, 46, 49, 54, 50, 40, 29, 35, 35, 48, 35, 41, 45, 37, 43, 45, 44, 34, 44, 32, 36, 32, 41, 35, 48, 54, 56, 38, 38, 44, 40, 37, 43, 43, 43, 38, 41, 39, 43, 30, 26, 24, 37, 46, 39, 39, 37, 41, 47, 43, 35, 44, 38, 41, 39, 35, 43, 32, 49, 40, 36, 48, 42, 30, 54, 35, 41, 49, 35, 32, 41, 52, 41, 48, 47, 52, 31, 39, 32, 34, 40, 40, 34, 32, 28, 34, 40, 39, 41, 39, 35, 36, 33, 45, 39, 46, 46, 32, 40, 39, 45, 54, 40, 31, 32, 57, 38, 41, 37, 36, 43, 44, 38, 46, 28, 39, 34, 40, 37, 35, 32, 58, 44, 47, 42, 59, 36, 39, 43, 47, 38, 42, 35, 43, 49, 38, 41, 46]
Steve-Javie [30, 35, 31, 39, 37, 43, 26, 34, 43, 43, 44, 32, 36, 42, 43, 38, 49, 24, 29, 28, 53, 38, 57, 55, 41, 31, 39, 42, 50, 46, 30, 39, 33, 42, 39, 34, 42, 36, 37, 34, 44, 39, 31, 46, 37, 37, 48, 41, 31, 26, 31, 27, 49, 45, 31, 49, 43, 38, 43, 46, 39, 39, 37, 47, 36, 35, 47, 32, 42, 49, 43, 50, 33, 49, 42, 37, 29, 31, 42, 51, 30, 26, 37, 50, 43, 33, 42, 33, 35, 40, 40, 38, 41, 38, 40, 42, 34, 43, 40, 44, 40, 48, 28, 42, 41, 43, 39, 35, 35, 38, 29, 37, 46, 35, 34, 37, 46, 27, 38, 41, 37, 40, 35, 50, 44]
Scott-Wall [45, 35, 37, 38, 37, 44, 37, 50, 32, 43, 40, 33, 34, 24, 32, 43, 48, 38, 33, 45, 34, 47, 38, 43, 42, 46, 45, 50, 42, 29, 33, 36, 41, 42, 44, 34, 51, 37, 42, 37, 37, 51, 48, 36, 31, 50, 45, 31, 49, 53, 45, 42, 41, 49, 33, 47, 44, 54, 33, 46, 42, 32, 45, 44, 49, 45, 31, 41, 32, 41, 52, 35, 50, 44, 48, 47, 36, 42, 38, 49, 36, 41, 40, 52, 37, 40, 41, 36, 35, 33, 43, 42, 48, 46, 41, 38, 37, 36, 39, 47, 35, 44, 35, 41, 40, 40, 36, 45, 33, 38, 42, 44, 48, 47, 28, 33, 47, 41, 39, 42, 44, 33, 39, 42, 31, 47, 37, 33, 36, 42, 39, 42, 38, 46, 37, 42, 28, 31, 35, 46, 40, 32, 41, 47, 38, 47, 53, 51, 39, 43, 45, 42, 41, 35, 39, 42, 44, 53, 51, 42, 40, 43, 27, 44, 37, 41, 33, 43, 42, 36, 43, 49, 40, 33, 46, 47, 42, 38, 39, 23, 43, 43, 44, 40, 33, 27, 33, 31, 35, 33, 39, 36, 51, 42, 33, 43, 43, 34, 44, 32, 45, 37, 24, 22, 49, 33, 36, 37, 36, 48, 30, 38, 41, 43, 37, 48, 44, 28, 29, 33, 34, 37, 50, 45, 29, 38, 42, 50, 50, 26, 43, 38, 41, 35, 30, 46, 33, 38, 35, 41, 45, 50, 33, 44, 51, 32, 40, 44, 41, 42, 43, 37, 35, 40, 45, 42, 41, 43, 31, 44, 39, 34, 33, 34, 38, 30, 40, 38, 59, 41, 49, 47, 58, 30, 46, 33, 41, 35, 35, 39, 36, 43, 40, 46, 35, 52, 45, 59, 35, 34, 28, 28, 41, 37, 36, 47, 50, 37, 41, 56, 39, 50, 36, 62, 45, 28, 39, 50, 50, 40, 53, 42, 50, 45, 44, 46, 29, 43, 53, 37, 46, 42, 42, 42, 37, 45, 42, 39, 37]
Bennett-Salvatore [38, 33, 45, 50, 37, 40, 30, 36, 41, 37, 35, 35, 35, 41, 43, 47, 48, 50, 38, 49, 41, 39, 44, 61, 51, 42, 49, 51, 41, 47, 38, 47, 50, 40, 50, 38, 43, 59, 34, 54, 33, 49, 43, 51, 38, 38, 29, 45, 62, 47, 43, 45, 44, 27, 38, 36, 44, 51, 52, 39, 37, 31, 45, 44, 25, 50, 27, 42, 37, 27, 52, 34, 40, 31, 49, 58, 44, 41, 44, 33, 50, 52, 34, 49, 36, 44, 42, 52, 44, 46, 38, 41, 50, 38, 50, 34, 33, 36, 55, 38, 48, 42, 36, 24, 50, 45, 53, 44, 41, 38, 40, 46, 50, 41, 53, 40, 41, 37, 37, 40, 48, 53, 33, 45, 35, 42, 50, 41, 37, 56, 36, 36, 35, 42, 37, 38, 28, 39, 56, 37, 34, 50, 38, 38, 52, 47, 41, 51, 34, 43, 53, 44, 50, 39, 34, 45, 42, 40, 51, 25, 46, 40, 38, 42, 30, 43, 44, 39, 46, 40, 40, 38, 47, 46, 35, 38, 41, 39, 47, 35, 36, 49, 35, 32, 48, 41, 31, 30, 42, 51, 27, 37, 38, 46, 48, 40, 38, 39, 36, 38, 42, 36, 37, 39, 44, 41, 41, 40, 41, 36, 30, 34, 49, 50, 47, 45, 54, 38, 51, 31, 33, 48, 35, 37, 39, 41, 39, 40, 34, 33, 39, 33, 53, 42, 34, 48, 47, 37, 35, 47, 44, 47, 42, 44, 40, 42, 34, 33, 41, 33, 40, 39, 36, 43, 52, 41, 60, 32, 50, 46, 49, 44, 48, 46, 49, 34, 34, 47, 42, 44, 53, 49, 53, 40, 44, 42, 46, 40]
Monty-McCutchen [43, 41, 44, 35, 38, 43, 44, 53, 43, 42, 30, 45, 47, 42, 52, 41, 45, 46, 46, 43, 39, 41, 44, 33, 48, 45, 32, 33, 50, 41, 39, 33, 49, 35, 39, 36, 37, 46, 51, 35, 45, 48, 32, 43, 43, 49, 39, 34, 38, 26, 35, 36, 33, 43, 32, 45, 41, 39, 41, 56, 44, 52, 40, 39, 35, 34, 53, 51, 44, 34, 39, 49, 38, 36, 37, 48, 41, 38, 36, 48, 43, 46, 46, 39, 45, 37, 45, 41, 40, 44, 39, 40, 36, 42, 50, 42, 34, 32, 35, 41, 48, 42, 53, 41, 38, 32, 40, 38, 41, 40, 39, 52, 30, 35, 37, 34, 28, 47, 43, 33, 37, 52, 40, 35, 57, 45, 29, 37, 38, 45, 35]
Leon-Wood [37, 33, 35, 35, 50, 58, 37, 40, 53, 49, 36, 49, 57, 41, 58, 49, 51, 43, 35, 43, 49, 37, 49, 38, 45, 34, 43, 52, 44, 46, 41, 53, 42, 34, 46, 57, 38, 50, 40, 42, 46, 49, 44, 37, 43, 48, 37, 49, 47, 38, 44, 37, 38, 40, 43, 38, 41, 44, 46, 36, 51, 49, 48, 43, 41, 18, 43, 53, 38, 58, 59, 32, 33, 41, 39, 43, 42, 44, 42, 49, 45, 45, 35, 53, 50, 45, 48, 39, 49, 21, 40, 34, 39, 37, 42, 49, 45, 42, 51, 37, 39, 44, 55, 41, 43, 43, 45, 48, 39, 33, 48, 51, 54, 49, 47, 41, 38, 49, 41, 36, 36, 40, 48, 55, 40, 36, 31, 50, 45, 43, 33, 44, 39, 38, 33, 48, 36, 33, 33, 42, 42, 43, 43, 43, 54, 51, 42, 48, 48, 41, 43, 56, 35, 40, 43, 48, 45, 39, 40, 39, 37, 35, 46, 41, 48, 46, 59, 45, 31, 37, 34, 45, 34, 27, 37, 48, 40, 51, 47, 37, 45, 46, 45, 41, 28, 47, 40, 36, 53, 51, 35, 52, 47, 37, 45, 40, 45, 38, 44, 31, 33, 47, 43, 48, 20, 40, 46, 39, 55, 39, 44, 33, 40, 35, 29, 35, 42, 31, 34, 44, 43, 53, 42, 44, 49, 46, 34, 37, 56, 43, 32, 45, 31, 33, 51, 46, 44, 33, 38, 41, 40, 37, 42, 45, 45, 46, 35, 39, 36, 27, 42, 38, 28, 45, 43, 36, 35, 33, 49, 34, 43, 27, 49, 43, 45, 37, 50, 39, 34, 40, 44, 24, 34, 48, 48, 37, 36, 37, 33, 35, 34, 36, 31, 32, 42, 37, 37, 37, 54, 44, 46, 48, 42, 30, 33, 48, 37, 40, 41, 45, 34, 42, 38, 47, 34, 39, 29, 48, 34, 42, 40, 49, 53, 38, 31, 44, 37, 32, 42, 51, 29, 56, 44, 39, 34, 34, 44, 39, 48, 37, 44, 47, 36, 40, 40, 33, 30, 49, 49, 38, 45, 31, 50, 36, 46, 57, 45, 43, 42, 44, 43, 47, 40, 50, 38, 51, 43, 31, 36, 27, 51, 47, 47, 33, 31, 54, 53, 37, 41, 45, 46, 47, 39, 38, 38]
Tom-Washington [58, 37, 37, 38, 49, 38, 34, 32, 48, 41, 41, 34, 48, 49, 30, 42, 42, 49, 47, 43, 56, 55, 47, 43, 40, 45, 29, 38, 33, 42, 42, 43, 42, 38, 36, 44, 36, 48, 38, 43, 43, 66, 52, 50, 47, 37, 45, 35, 40, 39, 47, 40, 29, 48, 42, 41, 46, 45, 42, 40, 53, 38, 48, 49, 49, 49, 52, 45, 38, 44, 40, 53, 48, 42, 38, 51, 43, 49, 42, 45, 32, 49, 34, 39, 38, 41, 41, 54, 50, 42, 39, 44, 50, 39, 53, 45, 44, 41, 52, 38, 36, 44, 45, 40, 32, 39, 42, 52, 38, 35, 40, 30, 45, 44, 44, 59, 43, 54, 33, 44, 48, 40, 39, 50, 35, 40, 56, 37, 42, 36, 26, 38, 41, 45, 33, 31, 34, 30, 42, 43, 33, 42, 42, 41, 40, 32, 31, 40, 38, 43, 39, 33, 49, 33, 45, 38, 38, 35, 45, 37, 40, 44, 41, 49, 35, 39, 48, 44, 46, 42, 47, 41, 47, 42, 43, 50, 49, 54, 36, 38, 53, 47, 48, 40, 43, 44, 38, 38, 36, 38, 34, 43, 40, 40, 44, 34, 37, 31, 48, 44, 38, 34, 35, 36, 39, 38, 44, 42, 37, 46, 43, 36, 42, 57, 33, 51, 32, 36, 39, 42, 35, 31, 34, 45, 46, 36, 44, 59, 39, 46, 40, 30, 37, 50, 34, 43, 44, 50, 28, 42, 41, 59, 50, 44, 34, 49, 32, 40, 41, 37, 35, 36, 44, 41, 44, 48, 44, 46, 26, 51, 47, 39, 48, 44, 47, 25, 36, 36, 41, 29, 39, 48, 25, 43, 45, 32, 41, 41, 35, 43, 31, 43, 40, 43, 44, 40, 46, 47, 36, 40, 40, 40, 37, 46, 45, 34, 41, 31, 41, 52, 33, 36, 27, 34, 45, 35, 47, 41, 33, 42, 44, 44, 33, 45, 40, 35, 41, 50, 47, 27, 40, 34, 35, 51, 40, 50, 41, 50, 30, 39, 44, 41, 44, 44, 58, 37, 53, 38, 38, 51, 46, 42, 53, 36, 33, 39, 41, 41, 36, 42, 53, 28, 37, 44, 38, 50, 47, 48, 39, 43, 39, 40, 39, 41, 50, 53, 40, 46, 50, 39, 41, 39, 41, 45, 47, 53, 47, 49, 37, 41, 36, 40, 47, 45, 37, 35, 37, 42, 45, 46, 37, 40]
James-Capers [38, 41, 33, 38, 54, 51, 31, 61, 37, 37, 30, 46, 43, 44, 40, 38, 43, 45, 40, 41, 43, 52, 38, 47, 45, 40, 37, 41, 38, 35, 38, 48, 43, 34, 43, 33, 47, 52, 54, 47, 29, 42, 43, 35, 37, 35, 44, 49, 35, 43, 37, 50, 44, 41, 36, 39, 47, 39, 50, 46, 28, 51, 48, 35, 38, 39, 40, 52, 38, 41, 51, 42, 30, 41, 32, 29, 47, 43, 41, 38, 46, 39, 38, 50, 46, 37, 43, 44, 51, 39, 52, 36, 45, 45, 41, 39, 50, 38, 47, 44, 37, 44, 34, 53, 47, 39, 43, 41, 36, 46, 40, 48, 47, 42, 40, 55, 45, 49, 35, 44, 37, 31, 30, 35, 45, 51, 43, 44, 32, 38, 33, 39, 30, 48, 48, 46, 46, 46, 40, 34, 41, 43, 56, 45, 57, 49, 40, 43, 42, 47, 40, 42, 42, 43, 35, 41, 44, 49, 43, 37, 37, 45, 38, 33, 40, 40, 44, 54, 35, 41, 34, 44, 37, 38, 36, 30, 33, 32, 48, 38, 37, 40, 40, 34, 51, 37, 35, 30, 35, 31, 39, 46, 35, 34, 35, 43, 34, 55, 34, 33, 48, 40, 38, 43, 42, 39, 29, 42, 39, 33, 46, 30, 39, 37, 39, 46, 26, 38, 29, 34, 30, 30, 39, 40, 38, 38, 40, 44, 43, 42, 43, 37, 50, 49, 34, 47, 45, 37, 40, 48, 38, 42, 39, 41, 41, 29, 49, 40, 37, 38, 38, 32, 30, 39, 38, 42, 40, 47, 37, 34, 48, 41, 32, 50, 44, 38, 43, 52, 34, 40, 43, 48, 36, 39, 36, 44, 42, 36, 43, 42, 51, 31, 40, 41, 46, 39, 35, 38, 56, 46, 39, 35, 46, 48, 53, 37, 39, 38, 62, 42, 35, 38, 57, 39, 44, 56, 40, 40, 37, 40, 45, 36, 33, 46, 37, 40, 41, 48, 61, 38, 49, 27, 43, 60, 40, 39, 44, 60, 35, 39, 36, 27, 43, 42, 37, 40, 41, 49, 37, 37, 39, 36, 33]
Tommy-Nunez-Jr. [43, 40, 47, 52, 44, 49, 37, 41, 43, 39, 45, 35, 37, 37, 45, 47, 42, 33, 51, 41, 41, 46, 56, 52, 46, 43, 63, 48, 42, 36, 39, 43, 38, 42, 61, 37, 37, 36, 58, 45, 39, 41, 50, 40, 35, 46, 37, 28, 46, 40, 43, 43, 52, 28, 31, 42, 38, 58, 37, 45, 27, 57, 39, 40, 36, 51, 55, 41, 41, 47, 35, 32, 38, 33, 30, 37, 50, 45, 41, 48, 35, 42, 52, 50, 57, 32, 50, 36, 42, 30, 36, 42, 37, 41, 40, 47, 51, 42, 45, 41, 37, 45, 45, 39, 29, 38, 38, 42, 48, 28, 38, 43, 40, 31, 45, 41, 45, 43, 47, 42, 42, 44, 48, 33, 32, 28, 35, 54, 43, 56, 40, 38, 48, 29, 39, 23, 34, 46, 36, 38, 37, 44, 46, 46, 43, 41, 43, 35, 54, 29, 32, 49, 41, 45, 44, 54, 44, 40, 45, 40, 43, 45, 31, 45, 34, 43, 33, 37, 28, 25, 34, 49, 41, 38, 36, 40, 45, 52, 35, 35, 40, 32, 39, 46, 44, 48, 32, 35, 32, 45, 38, 32, 29, 41, 40, 43, 38, 41, 46, 64, 31, 41, 30, 45, 42, 43, 30, 45]
Scott-Foster [44, 40, 44, 39, 37, 50, 49, 56, 43, 46, 42, 49, 37, 38, 41, 39, 41, 36, 39, 34, 44, 53, 44, 45, 40, 39, 57, 50, 36, 39, 29, 49, 46, 46, 42, 41, 46, 50, 49, 42, 35, 57, 50, 47, 50, 41, 48, 50, 41, 41, 50, 50, 44, 45, 37, 42, 45, 44, 37, 42, 45, 33, 47, 47, 46, 46, 51, 48, 45, 42, 29, 41, 53, 46, 43, 35, 45, 42, 45, 55, 57, 45, 36, 40, 47, 52, 43, 48, 45, 35, 38, 53, 50, 40, 41, 45, 49, 48, 36, 45, 40, 37, 48, 39, 48, 49, 43, 45, 39, 30, 36, 44, 38, 44, 55, 45, 45, 43, 57, 41, 46, 38, 47, 36, 42, 41, 34, 42, 38, 41, 53, 40, 46, 32, 45, 61, 41, 26, 53, 53, 34, 51, 55, 41, 32, 46, 45, 38, 50, 47, 47, 41, 47, 41, 45, 39, 49, 45, 34, 31, 51, 41, 45, 50, 37, 47, 47, 45, 40, 55, 46, 41, 36, 53, 59, 43, 50, 44, 49, 41, 39, 35, 38, 49, 49, 37, 39, 39, 43, 40, 41, 39, 37, 43, 47, 41, 38, 53, 54, 39, 40, 44, 43, 42, 55, 39, 49, 46, 58, 41, 39, 57, 37, 39, 47, 31, 38, 42, 38, 34, 51, 44, 36, 42, 47, 34, 36, 42, 42, 36, 37, 25, 28, 54, 34, 41, 38, 49, 40, 36, 29, 33, 33, 40, 36, 45, 38, 31, 44, 44, 42, 39, 32, 25, 37, 33, 54, 43, 50, 44, 47, 42, 47, 39, 37, 49, 43, 61, 36, 41, 40, 41, 33, 41, 52, 39, 43, 30, 33, 37, 34, 38, 39, 39, 44, 41, 33, 47, 42, 47, 45, 45, 32, 46, 52, 34, 45, 38, 40, 38, 39, 42, 59, 52, 41, 54, 55, 48, 47, 41, 41, 57, 37, 43, 57, 35, 39, 45, 45, 41, 48, 49, 42, 37, 44, 38, 46, 46, 35, 34, 38, 40, 40, 39, 21, 40, 42, 30, 36, 32, 67, 41, 61, 44, 50, 44, 46, 35, 45, 39, 35, 43, 45, 40, 46, 47, 48, 52, 41, 59, 42, 41, 35, 44, 33, 56, 45, 32, 39, 53, 42, 40, 40, 41, 58, 35, 43, 41, 35, 37, 47, 54, 41, 49, 45, 41, 39, 36, 41, 40, 38, 32, 39, 45, 30]
Monty-Mccutchen [53, 36, 38, 54, 51, 41, 31, 61, 45, 32, 49, 54, 57, 38, 39, 34, 46, 44, 48, 48, 38, 42, 40, 40, 49, 62, 49, 52, 46, 30, 43, 44, 40, 35, 35, 57, 40, 43, 56, 40, 37, 40, 50, 35, 43, 49, 49, 31, 48, 41, 52, 48, 43, 49, 42, 48, 41, 45, 52, 35, 47, 36, 35, 54, 52, 46, 40, 46, 42, 54, 45, 35, 40, 41, 39, 43, 47, 40, 42, 43, 53, 49, 41, 45, 36, 34, 37, 32, 56, 48, 51, 35, 39, 57, 42, 44, 51, 37, 37, 36, 45, 33, 57, 47, 48, 48, 39, 39, 44, 46, 48, 40, 47, 45, 49, 40, 48, 42, 41, 35, 49, 45, 48, 47, 49, 51, 44, 43, 41, 33, 50, 42, 43, 47, 44, 52, 29, 30, 43, 36, 38, 40, 40, 40, 49, 51, 40, 38, 36, 32, 35, 23, 30, 43, 37, 44, 36, 43, 39, 30, 38, 44, 30, 36, 61, 42, 41, 41, 45, 45, 45, 42, 43, 27, 37, 38, 53, 36, 29, 48, 44, 42, 41, 44, 33, 45, 38, 45, 34, 35, 31, 44, 37, 53, 40, 62, 46, 44, 46, 44, 41, 54, 42, 42, 39, 49, 25, 40, 49, 44, 41, 46, 40, 38, 36, 36, 28, 68, 47, 48, 30, 38, 36, 40, 48, 40, 49, 32, 46, 33, 33, 30, 35, 42, 34, 51, 36, 29, 29, 47, 35, 36, 45, 56, 35, 32, 52, 45, 37, 30, 34, 27, 36]
Karl-Lane [46, 23, 40, 44, 45, 50, 47, 35, 41, 37, 38, 40, 32, 31, 51, 41, 36, 43, 39, 38, 34, 32, 51, 40, 31, 51, 34, 41, 52, 40, 46, 38, 38, 38, 40, 34, 55, 48, 40, 43, 47, 29, 31, 36, 43, 40, 32, 45, 39, 39, 32, 43, 50, 36, 44, 38, 37, 40, 28, 53, 33, 51, 36, 41, 38, 41, 29, 48, 41, 32, 41, 51, 33, 39, 34, 37, 40, 49, 43, 34, 37, 44, 37, 34, 41, 39, 43, 37, 34, 48, 46, 42, 50, 41, 42, 38, 40, 39, 56, 40, 50, 38, 35, 41, 38, 29, 56, 39, 56, 40, 42, 34, 45, 41, 44, 40, 61, 38, 43, 33, 42, 40, 40, 27, 37, 44, 37, 46, 46, 48, 44, 34, 35, 34, 45, 40, 41, 43, 33, 27, 33, 58, 32, 40, 41, 49, 44, 46, 40, 37, 34, 53, 39, 47, 40, 38, 40, 42, 27, 24, 40, 43]
David-Jones [34, 41, 51, 42, 41, 52, 39, 57, 38, 42, 32, 46, 43, 54, 41, 52, 41, 34, 28, 38, 33, 40, 39, 40, 47, 41, 51, 38, 47, 40, 35, 50, 41, 30, 49, 42, 41, 43, 39, 42, 39, 40, 44, 46, 41, 44, 34, 31, 47, 45, 41, 33, 32, 38, 41, 32, 35, 32, 51, 36, 36, 34, 35, 50, 37, 45, 36, 46, 35, 43, 45, 43, 35, 33, 29, 38, 51, 47, 49, 42, 49, 46, 45, 41, 35, 46, 33, 31, 40, 37, 39, 42, 42, 40, 43, 30, 41, 42, 38, 33, 41, 49, 51, 40, 29, 36, 41, 38, 46, 32, 45, 43, 36, 38, 49, 37, 37, 43, 49, 48, 39, 31, 41, 44, 52, 40, 39, 33, 47, 35, 39, 37, 32, 43, 41, 35, 34, 33, 44, 47, 42, 51, 38, 34, 54, 38, 39, 48, 48, 53, 30, 29, 43, 43, 48, 34, 56, 43, 40, 37, 32, 50, 33, 51, 52, 43, 37, 42, 55, 43, 50, 35, 39, 46, 46, 40, 38, 41, 33, 27, 44, 27, 43, 32, 27, 40, 41, 32, 38, 35, 32, 30, 48, 51, 42, 36, 42, 37, 34, 42, 47, 50, 34, 35, 38, 26, 41, 49, 36, 35, 29, 35, 43, 51, 43, 25, 32, 32, 40, 36, 36, 32, 41, 28, 24, 43, 41, 39, 39, 43, 34, 36, 41, 42, 27, 38, 35, 29, 48, 35, 42, 38, 29, 42, 38, 43, 24, 33, 42, 46, 39, 48, 42, 32, 44, 54, 37, 38, 39, 35, 37, 30, 40, 32, 34, 36, 37, 41, 49, 44, 32, 37, 30, 32, 33, 36, 41, 37, 43, 39, 44, 32, 42, 39, 36, 40, 33, 30, 36, 35, 42, 37, 37, 40, 36, 40, 24, 30, 33, 34, 20, 42, 50, 47, 46, 46, 38, 37, 38, 37, 41, 35, 36, 37, 29, 34, 38, 28, 40, 42, 31, 35, 32, 38, 39, 40, 36, 32, 35, 34, 39, 40, 43, 31, 27, 40, 38, 42, 33, 49, 42, 36, 30, 42, 33, 42, 47, 43, 30, 26, 54, 31, 40, 28, 40]
Ed-Malloy [39, 45, 43, 46, 37, 32, 40, 48, 41, 35, 34, 42, 58, 34, 44, 39, 29, 53, 47, 48, 40, 49, 41, 48, 35, 39, 45, 36, 52, 33, 57, 52, 33, 48, 46, 42, 43, 41, 42, 47, 38, 43, 52, 50, 40, 47, 47, 48, 37, 46, 41, 58, 42, 40, 36, 48, 44, 19, 37, 43, 38, 42, 50, 47, 49, 30, 46, 44, 51, 48, 45, 43, 29, 35, 39, 36, 31, 42, 25, 43, 45, 38, 55, 36, 39, 43, 39, 51, 37, 39, 36, 43, 49, 39, 50, 39, 30, 30, 37, 38, 42, 35, 45, 34, 41, 46, 41, 35, 33, 39, 45, 34, 36, 42, 40, 35, 35, 44, 40, 51, 34, 40, 38, 51, 46, 45, 39, 35, 38, 35, 34, 42, 36, 39, 53, 46, 39, 36, 42, 47, 53, 41, 52, 44, 39, 43, 41, 36, 35, 44, 55, 51, 38, 46, 44, 44, 46, 39, 39, 48, 47, 43, 51, 53, 38, 35, 37, 37, 43, 44, 36, 45, 41, 42, 41, 37, 34, 32, 38, 43, 42, 40, 36, 46, 52, 30, 49, 46, 39, 43, 31, 38, 41, 30, 46, 47, 38, 35, 44, 45, 47, 45, 46, 30, 53, 42, 33, 36, 44, 31, 41, 31, 35, 33, 33, 40, 36, 31, 50, 36, 39, 40, 39, 43, 30, 53, 34, 41, 39, 53, 42, 43, 34, 28, 27, 38, 36, 48, 48, 35, 37, 36, 33, 32, 35, 33, 45, 34, 41, 45, 32, 35, 46, 33, 30, 39, 29, 43, 39, 39, 33, 48, 46, 35, 45, 40, 38, 53, 48, 44, 44, 49, 46, 48, 42, 47, 41, 39, 39, 44, 35, 42, 41, 44, 46, 44, 37, 43, 30, 36, 47, 37, 40, 36, 43, 37, 39, 33, 37, 33, 37, 46, 44, 34, 37, 38, 49, 47, 35, 45, 37, 23, 43, 33, 41, 50, 44, 41, 48, 33, 41, 33, 41, 40, 34, 39, 41, 41, 38, 34, 38, 50, 42, 50, 41, 45, 37, 49, 33, 48, 32, 41, 44, 40, 36, 37, 35, 31, 40, 40, 34, 38, 35, 37, 28, 30, 53, 32, 38, 42, 43, 44, 46, 44, 44, 45, 38, 35, 30, 49, 54, 44, 43, 29, 37, 40, 46, 54, 30, 38, 46, 47, 23, 30, 36, 40, 39, 40, 42, 57, 41, 42, 32, 40, 47, 43, 33, 41, 33, 40]
Lorenzo-Bronson [34]
Ken-Mauer [40, 43, 32, 41, 39, 44, 36, 37, 39, 38, 34, 46, 42, 40, 42, 34, 47, 39, 38, 41, 37, 39, 35, 43, 48, 25, 41, 39, 34, 49, 45, 37, 35, 38, 36, 42, 41, 28, 39, 35, 45, 50, 46, 30, 44, 41, 48, 37, 42, 27, 32, 45, 42, 33, 50, 39, 38, 40, 30, 36, 25, 28, 37, 39, 35, 43, 45, 33, 41, 48, 40, 51, 41, 32, 45, 50, 35, 39, 30, 47, 32, 35, 38, 40, 35, 45, 55, 41, 37, 33, 34, 35, 34, 39, 44, 51, 46, 42, 42, 37, 42, 35, 41, 35, 37, 49, 43, 39, 39, 39, 35, 41, 42, 38, 45, 35, 36, 39, 36, 36, 39, 37, 43, 37, 38, 45, 38, 46, 37, 37, 49, 31, 34, 37, 50, 43, 36, 52, 36, 41, 40, 41, 44, 43, 37, 34, 40, 40, 43, 35, 32, 38, 37, 44, 41, 40, 41, 31, 46, 38, 27, 41, 35, 58, 31, 38, 48, 50, 47, 35, 43, 34, 39, 42, 50, 37, 47, 43, 43, 46, 37, 62, 37, 39, 39, 39, 42, 39, 36, 33, 36, 27, 37, 28, 38, 36, 38, 41, 32, 23, 34, 46, 42, 40, 27, 39, 42, 35, 39, 41, 32, 38, 30, 34, 29, 49, 40, 40, 50, 44, 49, 41, 41, 37, 41, 40, 39, 39, 42, 44, 37, 31, 49, 42, 39, 40, 40, 34, 35, 36, 35, 27, 37, 30, 43, 40, 25, 38, 37, 33, 41, 33, 30, 37, 40, 35, 42, 22, 45, 57, 33, 33, 37, 45, 30, 33, 42, 43, 39, 24, 41, 38, 46, 38, 42, 40, 36, 34, 29, 40, 41, 40, 43, 32, 39, 48, 42, 29, 41, 37, 36, 30, 29, 38, 51, 38, 54, 34, 32, 41, 40, 47, 49, 23, 40, 32, 30, 43, 44, 42, 41, 42, 42, 46, 47, 51, 49, 35, 29, 42, 43, 47, 40, 38, 39, 36, 38, 31, 39, 40, 41, 39, 50, 44, 31, 35, 34, 34, 36, 30, 38, 37, 44, 33, 28, 42, 37, 53, 36, 29, 57, 44, 32, 45, 43, 32, 44, 33, 42, 27, 44]
Kevin-Scott [44, 39, 33, 40, 38, 41, 35, 35, 37, 44, 41, 48, 34, 51, 33, 40, 68, 47, 51, 41, 47, 49, 40, 39, 39, 40, 41, 31, 39, 44, 56, 46, 39, 43, 48, 43, 36, 46, 43, 35, 41, 50, 52, 39, 41, 34, 38, 42, 41, 31, 42, 37, 36, 38, 38, 27, 35, 45, 30, 47, 25, 34, 47, 40, 41, 38, 35, 29, 51, 32, 48, 40, 31, 49, 45, 41, 41, 44, 33, 30, 44, 39, 40, 32, 37, 35, 48, 44, 58, 34, 45, 40, 46, 33, 36, 45, 37, 42, 50, 43, 24, 40, 37, 41, 28, 40, 40, 36, 32, 33, 41, 32, 41, 33, 61, 36, 42, 42, 47, 40, 45, 38, 60, 40, 29, 39, 39, 47, 36, 37, 44, 41, 46, 43, 46, 49, 47, 53, 53, 43, 33, 42, 40, 29, 32, 45, 35]
Dedric-Taylor [36, 38, 48, 39, 20, 43, 53, 39, 28, 44, 40, 37, 35, 45, 38, 36, 34, 41, 42, 49, 44, 33, 30, 32, 39, 33, 38, 40, 40, 42, 46, 31, 33, 39, 37, 34, 54, 42, 40, 54, 36, 49, 30, 39, 36, 40, 48, 33, 45, 45, 41, 39]
- [36, 37, 49]
Pat-Fraher [39, 46, 35, 36, 55, 43, 35, 41, 44, 36, 54, 49, 39, 40, 37, 50, 45, 34, 45, 48, 41, 38, 35, 37, 47, 54, 46, 33, 43, 44, 31, 38, 49, 49, 45, 45, 37, 36, 33, 26, 34, 45, 38, 43, 44, 43, 46, 36, 40, 51, 39, 40, 46, 26, 51, 42, 41, 36, 52, 25, 50, 42, 42, 43, 37, 37, 28, 49, 45, 49, 35, 44, 44, 37, 44, 36, 44, 39, 31, 46, 49, 35, 38, 36, 45, 44, 41, 46, 37, 43, 50, 45, 46, 41, 45, 39, 50, 36, 43, 39, 42, 33, 54, 38, 48, 42, 44, 46, 41, 50, 41, 36, 54, 38, 51, 44, 46, 37, 39, 40, 42, 54, 33, 39, 42, 37, 44, 52, 51, 30, 48, 33, 34, 51, 46, 38, 39, 40, 47, 44, 37, 32, 28, 35, 38, 37, 48, 32, 23, 38, 30, 44, 43, 46, 40, 44, 36, 39, 46, 42, 43, 27, 41, 37, 41, 38, 39, 47, 39, 43, 45, 40, 48, 32, 34, 45, 43, 38, 50, 37, 39, 42, 35, 40, 43, 44, 53, 50, 40, 39, 35, 35, 42, 25, 36, 33, 43, 37, 36, 39, 37, 41, 31, 56, 49, 39, 51, 39, 43, 36, 41, 38, 42, 25, 33, 46, 33, 34, 34, 37, 57, 28, 40, 48, 46, 34, 39, 33, 40, 40, 45, 29, 44, 32, 45, 46, 40, 50, 52, 38, 49, 46, 43, 49, 40, 36, 40, 39, 36, 39, 47, 40, 30, 43, 46, 50, 35, 27, 46, 45, 34, 42, 41, 38, 23, 34, 37, 41, 31, 33, 51, 36, 32, 44, 30, 36, 47, 40, 49, 34, 47, 34, 34, 38, 34, 50, 37, 41, 39, 55, 51, 36, 50, 53, 38, 34, 53, 42, 43, 33, 43, 42, 37, 42, 40, 38, 30, 39, 43, 35, 38, 34, 49, 40, 49, 48, 40, 36, 33, 53, 36, 31, 49, 41, 27, 34, 49, 40, 43, 51, 41, 31, 41, 39, 60, 40, 29, 33, 40, 44, 44, 43, 26, 44, 33, 33, 30, 48, 41, 47, 37, 46, 37, 53, 34, 43, 30, 37, 40, 41, 31, 40, 40, 41, 44, 49, 42, 47, 35, 45, 48, 45, 38]
Scott-Twardoski [41, 55, 39, 39, 38, 48, 46, 51, 59, 35, 31, 42, 46, 41, 46, 44, 31, 40, 49, 30, 36, 23, 29, 52, 46, 34, 27, 27, 34, 44, 49, 36, 38, 37, 37, 34, 34, 41, 35, 45, 47, 40, 44, 29, 38, 45, 37, 38, 36, 37, 47, 37, 35, 32, 43, 41, 28, 40, 31, 47, 32, 37, 37, 48, 49, 49, 29, 34, 38, 30, 43, 41, 34, 36, 48, 44, 43, 39, 41, 47, 48, 36, 30, 45, 45, 42, 43, 54, 36, 37, 47, 36, 34, 45, 36, 44, 28, 36, 40, 33, 40, 36, 48, 49, 35, 38, 65, 30, 41, 28, 53, 40, 42, 44, 50, 49, 42, 33, 38, 45, 46, 38, 38, 38, 34, 41, 42, 36, 53, 49, 39, 43, 40, 43, 40, 44, 40, 39, 40, 35, 48, 45, 31, 45, 54, 48, 36, 39, 36, 38, 37, 43, 30, 36, 41, 45, 57, 40, 44, 32, 43, 37, 30, 52, 32]
David-Guthrie [37, 36, 40, 34, 38, 46, 31, 42, 46, 34, 51, 38, 38, 34, 53, 42, 27, 45, 42, 34, 43, 34, 38, 33, 32, 39, 35, 43, 25, 50, 39, 42, 42, 36, 42, 35, 35, 45, 42, 35, 52, 36, 35, 34, 47, 45, 36, 32, 40, 36, 41, 34, 35, 42, 31, 30, 46, 25, 35, 43, 42, 43, 45, 39, 57, 41, 47, 34, 42, 35, 40, 51, 42, 33, 53, 54, 45, 32, 33, 40, 41, 35, 48, 36, 34, 35, 48, 46, 32, 48, 43, 38, 44, 40, 30, 30, 42, 43, 36, 44, 42, 28, 38, 47, 41, 45, 35, 34, 36, 51, 36, 40, 41, 40, 42, 29, 43, 37, 41, 41, 35, 43, 34, 36, 50, 33, 44, 29, 39, 37, 43, 34, 42, 36, 38, 38, 36, 48, 48, 39, 29, 49, 37, 46, 61, 38, 47, 38, 42, 35, 38, 27, 44, 35, 47, 34, 40, 33, 41, 36, 43, 43, 40, 48, 45, 42, 33, 36, 36, 35, 37, 44, 42, 37, 32, 32, 48, 36, 40, 39, 56, 45, 39, 33, 35, 40, 39, 23, 36, 55, 43, 34, 46, 24, 46, 39, 36, 38, 40, 29, 41, 44, 35, 46, 37, 31, 31, 37, 38, 37, 26, 44, 44, 42, 34, 39, 40, 39, 37, 38, 42, 51, 27, 42, 39, 40, 45, 42, 39, 46, 33, 47, 51, 38, 47, 30, 27, 31, 47, 33, 39, 38, 37, 39, 46, 35, 34, 37, 26, 43, 44, 40, 29, 51, 35, 47, 33, 32, 33, 54, 45, 46, 33, 40, 36, 40, 38, 42, 44, 47, 38, 50, 31, 50, 34, 48, 38, 35, 32, 44, 42, 56, 41, 44, 35, 40, 41, 36, 44, 51, 41, 36, 35, 41, 39, 38, 44, 45, 46, 28, 25, 33, 37, 39, 48, 41, 37, 43, 38, 42, 33, 35, 46, 38, 42, 37, 43, 47, 40, 36, 36, 44, 39, 59, 36, 45, 45, 35, 37, 35, 29, 42, 39, 36, 43]
Derek-Richardson [34, 43, 45, 40, 31, 44, 53, 53, 43, 44, 42, 38, 48, 57, 50, 36, 41, 51, 57, 42, 45, 43, 38, 39, 43, 41, 50, 45, 30, 33, 48, 39, 59, 38, 43, 43, 47, 37, 45, 39, 37, 51, 41, 61, 49, 42, 53, 48, 45, 37, 43, 53, 43, 50, 47, 44, 39, 55, 48, 47, 52, 39, 46, 41, 47, 34, 32, 39, 47, 34, 35, 47, 37, 51, 33, 46, 48, 45, 47, 52, 38, 50, 49, 42, 45, 31, 43, 40, 48, 43, 50, 49, 41, 65, 44, 41, 34, 46, 50, 49, 40, 40, 47, 57, 45, 40, 46, 44, 42, 40, 48, 37, 36, 39, 40, 46, 36, 47, 37, 39, 44, 52, 49, 48, 34, 46, 40, 42, 44, 37, 48, 42, 43, 42, 39, 48, 33, 38, 37, 46, 49, 50, 50, 38, 47, 35, 38, 44, 37, 46, 48, 46, 59, 48, 40, 40, 43, 35, 53, 38, 37, 42, 41, 46, 53, 42, 45, 34, 49, 48, 45, 41, 51, 40, 39, 39, 41, 44, 25, 36, 37, 38, 35, 44, 34, 36, 38, 32, 56, 35, 37, 36, 36, 42, 40, 35, 32, 44, 42, 43, 51, 42, 37, 32, 34, 50, 44, 35, 47, 38, 51, 50, 51, 44, 45, 25, 29, 40, 38, 47, 37, 46, 33, 55, 41, 27, 39, 43, 42, 42, 39, 41, 48, 42, 43, 27, 37, 25, 31, 40, 40, 46, 30, 46, 37, 30, 43, 39, 41, 42, 40, 39, 38, 26, 48, 50, 33, 43, 45, 34, 44, 48, 40, 35, 33, 29, 24, 48, 43, 47, 40, 52, 29, 35, 35, 49, 38, 41, 35, 49, 21, 44, 44, 49, 34, 38, 41, 41, 41, 29, 47, 35, 36, 31, 40, 45, 40, 48, 42, 40, 45, 62, 36, 48, 51, 52, 36, 46, 37, 40, 39, 56, 52, 34, 31, 36, 35, 34, 35, 53, 43, 30, 42, 37, 49, 50, 58, 44, 35, 38, 43]
Eric-Dalen [43, 36, 36, 34, 37, 46, 39, 44, 41, 44, 44, 41, 48, 39, 38, 39, 41, 35, 32, 36, 30, 43, 28, 51, 41, 40, 34, 46, 37, 28, 46, 43, 51, 45, 41, 45, 51, 54, 48, 42, 48, 33, 38, 51, 38, 54, 37, 35, 38, 43, 37, 41, 51, 29, 31, 58, 49, 29, 31, 44, 38, 40, 54, 29, 44, 55, 46, 36, 35, 21, 49, 42, 32, 34, 49, 42, 45, 41, 44, 41, 41, 41, 36, 52, 35, 36, 32, 32, 33, 39, 41, 48, 41, 44, 43, 37, 36, 50, 42, 38, 48, 30, 32, 33, 40, 45, 42, 41, 46, 35, 51, 33, 29, 30, 35, 43, 33, 37, 42, 38, 47, 41, 40, 38, 38, 42, 35, 48, 35, 33, 30, 43, 37, 35, 31, 48, 40, 35, 39, 43, 44, 61, 18, 42, 39, 35, 37, 45, 47, 46, 27, 37, 37, 39, 38, 52, 36, 32, 36, 35, 45, 43, 42, 38, 45, 36, 37, 38, 44, 30, 44, 36, 39, 34, 33, 33, 41, 47, 42, 36, 30, 48, 47, 54, 42, 38, 47, 45, 34, 27, 33, 49, 44, 41, 40, 35, 49, 36, 41, 37, 45, 31, 41, 39, 52, 36, 38, 33, 36, 26, 41, 39, 40, 48, 39, 39, 40, 35, 30, 44, 34, 37, 43, 35, 51, 43, 36, 45, 49, 41, 38, 36, 41, 52, 38, 28, 46, 37, 36, 38, 38, 31, 38, 44, 45, 38, 46, 45, 38, 42, 23, 41, 44, 39, 39, 49, 47, 32, 41, 33, 35, 34, 29, 45, 43, 40, 34, 33, 37, 51, 34, 31, 29, 47, 33, 28, 39, 46, 34, 30, 34, 38, 40, 53, 49, 31, 39, 34, 35, 37, 45, 33, 44, 44, 38, 41, 39, 33, 33, 38, 40, 32, 40, 31, 42, 35, 32, 38, 40]
Eli-Roe [47, 42, 46, 42, 46, 49, 37, 51, 44, 41, 28, 45, 59, 40, 40, 50, 46, 41, 37, 51, 42, 50, 38, 35, 48, 49, 54, 49, 49, 57, 58, 59, 40, 44, 44, 61, 62, 39, 35, 37, 45, 44, 38, 49, 32, 27, 37, 42, 51, 36, 25, 37, 40, 39, 43, 41, 43, 43, 42, 47, 45, 40, 48, 41, 44, 56, 39, 46, 44, 50, 44, 38, 34, 47, 40, 36, 49, 51, 45, 29, 33, 37, 47, 58, 40, 45, 57, 34, 50, 40, 42, 45, 33, 38, 50, 44, 41, 44, 44, 39, 41, 32, 40, 29, 42, 45, 38, 47, 41, 55, 33, 42, 36, 51, 32, 46, 42, 41, 37, 36, 46, 37, 53, 30, 34, 36, 52, 42, 35, 43, 56, 51, 37, 45, 41, 42, 41, 36, 48, 27, 52, 40, 34, 59, 55, 38, 28, 44, 54, 45, 33, 56, 38, 43, 38, 50, 35, 47, 47, 52, 40, 38, 48, 43, 54, 57, 40, 38, 39, 30, 36, 27, 47, 20, 28, 38, 43, 43, 38, 36, 41, 24, 39, 39, 44, 24, 36, 31, 40, 42, 36, 46, 34, 33, 46, 33, 40, 29, 42, 39, 36, 40, 42, 46, 44, 49, 42, 39, 39, 43, 33, 48, 45, 37, 37, 34, 38, 36, 35, 37, 26, 30, 43, 54, 27, 34, 41, 41, 40, 30, 43, 42, 37, 41, 45, 36, 50, 47, 48, 46, 38, 29, 37, 37, 37, 33, 45, 47, 33, 30, 40, 37, 32, 33, 27, 48, 37, 42, 40, 33, 38, 40, 30, 39, 43, 37, 32, 42, 48, 40, 43, 46, 41, 34, 51, 45, 40, 54, 40, 37, 34, 45, 50, 31, 45, 32, 45, 42, 43, 32, 42, 43, 39, 38, 39, 39, 34, 50, 53, 29, 29, 35, 30, 37, 42, 46, 45, 35, 41, 40, 37, 41, 33, 49, 36, 44, 41, 38, 44, 42, 52, 36, 39, 42, 38]
Tony-Brown [53, 38, 51, 45, 49, 38, 43, 36, 49, 46, 48, 35, 51, 48, 40, 30, 55, 48, 47, 36, 46, 39, 43, 48, 40, 37, 31, 44, 40, 43, 40, 47, 29, 40, 40, 48, 50, 49, 45, 37, 41, 43, 52, 38, 39, 52, 35, 26, 48, 47, 35, 39, 41, 39, 50, 41, 28, 59, 43, 37, 46, 31, 44, 35, 45, 39, 35, 35, 41, 60, 39, 38, 45, 31, 43, 39, 40, 49, 45, 40, 41, 35, 39, 38, 40, 41, 53, 35, 37, 34, 47, 47, 35, 41, 40, 49, 40, 41, 41, 39, 36, 35, 38, 44, 40, 40, 26, 42, 40, 41, 44, 41, 51, 35, 47, 42, 39, 35, 40, 39, 41, 46, 41, 37, 42, 44, 53, 41, 35, 33, 31, 39, 38, 36, 37, 34, 42, 45, 32, 42, 33, 56, 36, 32, 46, 45, 31, 45, 37, 33, 47, 40, 46, 39, 34, 48, 43, 43, 44, 35, 27, 41, 38, 39, 45, 39, 39, 37, 40, 38, 47, 32, 50, 45, 43, 38, 33, 33, 25, 35, 38, 50, 55, 44, 37, 51, 33, 43, 41, 31, 44, 46, 39, 37, 41, 36, 41, 38, 35, 38, 45, 40, 41, 29, 43, 47, 40, 38, 44, 41, 37, 35, 36, 31, 33, 29, 34, 34, 36, 26, 29, 33, 27, 41, 34, 42, 35, 45, 29, 39, 39, 43, 45, 30, 42, 43, 22, 42, 33, 36, 44, 38, 46, 36, 32, 34, 40, 38, 32, 40, 41, 37, 43, 31, 54, 49, 44, 53, 42, 33, 42, 29, 36, 30, 40, 38, 23, 36, 32, 43, 44, 44, 38, 41, 42, 43, 30, 40, 43, 31, 52, 40, 42, 40, 40, 39, 43, 30, 48, 46, 51, 35, 33, 50, 45, 57, 34, 38, 39, 41, 34, 48, 45, 42, 33, 38, 51, 37, 36, 52, 42, 41, 50, 43, 40, 38, 24, 38, 41, 39, 43, 28, 39, 47, 40, 38, 46, 40, 46, 29, 47, 35, 24, 43, 42, 40, 41, 35, 40, 44, 43, 41, 42, 43, 47, 34, 31, 49, 46, 41, 33, 45, 40, 46, 42, 46, 33, 36, 34, 39, 39, 40, 29, 40, 47, 38, 44, 40, 38, 43]
Sean-Wright [53, 46, 56, 35, 34, 34, 54, 45, 35, 42, 49, 41, 50, 46, 55, 39, 56, 41, 48, 45, 50, 52, 33, 41, 54, 46, 39, 49, 42, 39, 46, 47, 38, 37, 36, 52, 40, 31, 38, 48, 48, 46, 50, 31, 36, 58, 48, 40, 38, 41, 44, 49, 30, 38, 32, 33, 43, 43, 53, 35, 34, 59, 41, 35, 41, 42, 51, 37, 40, 46, 42, 42, 45, 46, 38, 54, 53, 44, 39, 39, 39, 39, 39, 48, 49, 50, 45, 45, 32, 39, 33, 44, 38, 47, 42, 37, 36, 43, 43, 30, 36, 46, 48, 41, 51, 35, 23, 45, 42, 36, 39, 36, 40, 50, 43, 49, 35, 33, 48, 47, 43, 34, 46, 47, 35, 55, 47, 42, 46, 52, 51, 40, 41, 42, 33, 36, 39, 35, 57, 46, 43, 49, 47, 39, 35, 61, 37, 42, 49, 46, 35, 48, 50, 35, 38, 35, 29, 48, 44, 44, 32, 33, 40, 39, 52, 36, 35, 43, 45, 42, 25, 42, 40, 39, 39, 41, 44, 44, 53, 44, 45, 36, 37, 44, 38, 44, 43, 34, 43, 33, 31, 51, 39, 52, 39, 44, 28, 44, 37, 34, 54, 43, 45, 39, 50, 32, 50, 37, 39, 35, 42, 35, 32, 41, 51, 32, 32, 47, 44, 56, 41, 33, 45, 30, 47, 39, 39, 40, 32, 40, 54, 30, 48, 40, 34, 51, 47, 39, 33, 37, 26, 44, 44, 49, 27, 42, 38, 49, 48, 42, 52, 34, 40, 42, 38, 43, 39, 31, 44, 41, 37, 34, 45, 32, 36, 39, 15, 30, 37, 33, 47, 35, 40, 45, 34, 34, 50, 45, 38, 41, 39, 42, 44, 47, 40, 40, 35, 52, 39, 41, 42, 38, 39, 48, 52, 46, 40, 51, 38, 36, 50, 41, 40, 42, 45, 47, 34, 40, 50, 32, 46, 41, 32, 42, 43, 44, 40, 48, 39, 42, 59, 34, 45, 41, 41, 35, 41, 41, 26, 36, 42, 48, 41, 42, 46, 33, 32, 48, 53, 20, 42, 37, 30, 60, 46, 47, 32, 45, 48, 53, 41, 39, 47, 38, 48, 40, 46, 56, 41]
Bill-Spooner [36, 37, 40, 31, 37, 47, 53, 32, 33, 42, 35, 58, 34, 33, 38, 40, 40, 41, 38, 40, 32, 48, 54, 57, 48, 33, 38, 38, 42, 39, 47, 57, 40, 51, 43, 36, 38, 39, 37, 50, 61, 36, 36, 50, 49, 49, 41, 48, 43, 44, 46, 53, 41, 52, 44, 42, 48, 41, 54, 39, 43, 30, 49, 46, 35, 43, 50, 35, 48, 46, 44, 45, 29, 40, 37, 46, 48, 35, 39, 51, 39, 48, 25, 41, 45, 37, 40, 48, 42, 41, 40, 37, 35, 40, 43, 36, 40, 43, 38, 41, 39, 38, 38, 37, 45, 30, 41, 39, 35, 55, 36, 46, 40, 50, 42, 48, 34, 36, 45, 35, 28, 32, 40, 37, 44, 52, 42, 41, 35, 37, 55, 43, 42, 37, 50, 48, 43, 42, 47, 41, 59, 36, 36, 48, 37, 43, 38, 33, 41, 38, 38, 53, 46, 30, 39, 49, 36, 36, 35, 47, 35, 46, 44, 49, 36, 44, 36, 44, 33, 39, 27, 37, 31, 38, 34, 34, 36, 41, 33, 32, 43, 39, 20, 54, 44, 41, 41, 43, 35, 30, 34, 24, 42, 44, 55, 37, 38, 40, 39, 40, 40, 29, 44, 37, 34, 31, 43, 46, 44, 33, 36, 48, 51, 46, 38, 43, 41, 45, 41, 36, 41, 35, 42, 55, 33, 43, 34, 35, 27, 37, 31, 41, 61, 28, 34, 33, 38, 31, 42, 41, 41, 40, 40, 38, 30, 37, 40, 39, 45, 28, 38, 26, 29, 36, 32, 38, 47, 40, 38, 34, 47, 30, 32, 40, 47, 38, 38, 34, 56, 40, 49, 38, 36, 35, 38, 40, 40, 30, 50, 35, 46, 34, 36, 46, 45, 38, 42, 43, 56, 34, 52, 26, 47, 62, 37, 43, 43, 33, 48, 39, 36, 35, 31, 44, 32, 35, 36, 47, 46, 46, 37, 45, 37, 39, 38, 46, 33, 28, 43, 40, 33, 41, 36]
Mike-Callahan [41, 50, 35, 44, 51, 32, 54, 38, 43, 42, 38, 42, 49, 34, 32, 47, 39, 44, 37, 34, 48, 56, 40, 43, 41, 42, 48, 36, 41, 47, 43, 40, 50, 43, 42, 37, 33, 30, 43, 37, 48, 43, 45, 27, 19, 37, 43, 40, 44, 54, 47, 44, 56, 34, 34, 48, 55, 50, 42, 37, 39, 49, 43, 35, 51, 39, 36, 32, 51, 42, 33, 29, 36, 46, 39, 38, 39, 49, 46, 38, 36, 38, 34, 53, 34, 52, 35, 38, 46, 35, 37, 43, 36, 33, 34, 32, 34, 37, 37, 39, 39, 49, 40, 41, 42, 42, 42, 36, 39, 34, 40, 46, 46, 32, 33, 37, 46, 41, 32, 45, 33, 55, 40, 55, 33, 33, 51, 35, 36, 55, 43, 40, 47, 44, 38, 44, 39, 41, 42, 36, 33, 43, 39, 46, 38, 46, 38, 35, 35, 49, 44, 39, 35, 48, 34, 49, 46, 40, 50, 40, 34, 38, 37, 48, 37, 46, 48, 38, 47, 32, 48, 52, 32, 28, 36, 51, 42, 45, 39, 33, 35, 52, 40, 46, 38, 32, 34, 44, 30, 30, 21, 39, 55, 41, 38, 46, 32, 36, 42, 47, 41, 44, 38, 37, 45, 26, 41, 34, 35, 29, 37, 37, 35, 32, 25, 37, 44, 36, 44, 41, 35, 42, 28, 38, 39, 41, 39, 49, 37, 38, 40, 41, 27, 34, 34, 45, 35, 43, 47, 26, 44, 43, 51, 28, 49, 42, 41, 27, 40, 36, 38, 31, 40, 44, 36, 39, 41, 47, 43, 41, 39, 41, 27, 43, 47, 44, 38, 49, 41, 37, 38, 47, 42, 47, 41, 32, 34, 36, 41, 47, 24, 39, 48, 53, 42, 39, 42, 42, 34, 33, 38, 40, 37, 50, 31, 49, 48, 29, 40, 36, 48, 43, 46, 36, 38, 37, 34, 31, 43, 39, 46, 40, 49, 44, 44, 40, 34, 39, 33, 39, 48, 43, 44, 33, 26, 42, 42, 46, 53, 51, 43, 41, 32, 41, 47, 47, 49, 43, 36, 48, 35, 41, 51, 34, 40, 40, 50, 26, 39, 35]
Joe-Derosa [36, 45, 35, 46, 34, 35, 44, 36, 47, 45, 51, 48, 39, 49, 40, 52, 48, 46, 48, 41, 32, 46, 42, 43, 29, 29, 39, 46, 33, 44, 37, 31, 54, 38, 52, 49, 39, 35, 37, 43, 45, 39, 51, 42, 35, 44, 34, 37, 36, 57, 41, 43, 47, 33, 46, 40, 36, 49, 53, 49, 59, 43, 46, 42, 43, 41, 46, 48, 41, 52, 31, 25, 39, 38, 47, 31, 51, 47, 33, 42, 35, 54, 41, 46, 42, 40, 42, 34, 45, 34, 31, 48, 37, 34, 34, 42, 41, 46, 36, 37, 38, 40, 40, 39, 47, 35, 55, 36, 30, 36, 48, 51, 40, 33, 51, 23, 41, 40, 29, 48, 46, 45, 37, 43]
Brian-Forte [34, 42, 61, 47, 42, 47, 57, 45, 35, 35, 41, 41, 45, 42, 46, 52, 34, 51, 45, 44, 37, 39, 45, 41, 38, 29, 49, 52, 33, 38, 43, 43, 43, 42, 41, 50, 47, 37, 35, 45, 47, 33, 42, 44, 32, 36, 34, 41, 45, 37, 31, 36, 41, 41, 45, 43, 50, 39, 32, 47, 45, 38, 51, 45, 40, 42, 43, 39, 26, 39, 45, 45, 45, 35, 43, 43, 34, 44, 40, 34, 39, 43, 36, 37, 40, 37, 48, 36, 51, 45, 46, 39, 30, 37, 51, 28, 55, 43, 51, 40, 45, 35, 36, 54, 38, 46, 32, 46, 39, 37, 55, 51, 43, 41, 31, 45, 51, 44, 45, 45, 53, 38, 39, 33, 50, 47, 33, 39, 38, 44, 44, 50, 34, 41, 41, 36, 36, 37, 42, 43, 33, 40, 39, 55, 50, 52, 50, 39, 46, 41, 42, 36, 42, 52, 47, 44, 62, 35, 44, 33, 35, 39, 31, 52, 48, 34, 40, 35, 39, 39, 36, 27, 39, 42, 36, 57, 36, 41, 27, 39, 42, 52, 42, 31, 40, 40, 41, 38, 36, 59, 36, 47, 43, 49, 41, 34, 47, 44, 35, 59, 36, 33, 40, 37, 40, 30, 34, 32, 49, 47, 49, 46, 41, 37, 42, 39, 41, 39, 39, 36, 41, 42, 40, 33, 41, 43, 38, 25, 31, 46, 39, 36, 48, 41, 38, 43, 33, 33, 30, 46, 32, 37, 49, 31, 39, 35, 37, 39, 32, 41, 50, 56, 57, 36, 47, 50, 43, 39, 54, 38, 47, 39, 29, 48, 45, 32, 34, 38, 40, 44, 42, 34, 34, 38, 33, 44, 37, 65, 48, 32, 34, 51, 46, 48, 41, 43, 39, 43, 21, 32, 46, 39, 35, 38, 33, 36, 44, 36, 38, 37, 34, 46, 35, 43, 37, 47, 32, 38, 36, 45, 35, 40, 44, 44, 40, 51, 39, 25, 32, 38, 38, 45, 42, 53, 31, 49, 58, 41, 38, 51, 40, 33, 33, 49, 52, 43, 30, 27, 46, 41, 32, 32, 47, 40, 36, 39, 43, 38, 35]
Jason-Phillips [35, 31, 45, 40, 47, 40, 38, 48, 35, 48, 33, 41, 48, 35, 52, 50, 45, 47, 34, 53, 53, 38, 38, 45, 40, 47, 47, 38, 39, 35, 44, 44, 43, 54, 44, 49, 46, 33, 33, 40, 43, 40, 34, 45, 42, 42, 47, 47, 54, 35, 57, 33, 62, 39, 40, 41, 31, 40, 45, 49, 42, 33, 53, 45, 31, 40, 47, 34, 48, 31, 45, 38, 42, 40, 42, 43, 45, 39, 45, 42, 43, 39, 38, 41, 49, 37, 32, 39, 36, 49, 48, 54, 50, 41, 48, 56, 32, 37, 38, 53, 47, 36, 39, 44, 45, 40, 38, 49, 44, 36, 52, 44, 40, 35, 35, 36, 45, 56, 50, 49, 42, 38, 41, 42, 34, 40, 40, 50, 38, 35, 56, 33, 42, 42, 34, 46, 51, 33, 33, 40, 48, 49, 46, 32, 37, 48, 42, 38, 40, 43, 35, 48, 46, 45, 44, 39, 47, 23, 36, 35, 43, 39, 43, 34, 41, 40, 41, 49, 49, 40, 44, 43, 38, 33, 48, 42, 35, 39, 46, 32, 44, 37, 42, 35, 56, 32, 38, 35, 37, 50, 33, 37, 41, 51, 35, 45, 43, 31, 44, 54, 33, 49, 39, 46, 42, 37, 46, 44, 39, 37, 39, 30, 52, 29, 34, 29, 47, 40, 54, 42, 44, 37, 42, 40, 34, 37, 37, 34, 32, 40, 26, 29, 55, 54, 35, 50, 42, 47, 40, 37, 38, 36, 47, 33, 34, 38, 45, 40, 37, 45, 36, 48, 40, 27, 30, 42, 33, 33, 45, 43, 44, 37, 41, 37, 33, 33, 51, 33, 45, 39, 25, 49, 38, 36, 37, 34, 50, 32, 25, 44, 43, 43, 54, 35, 36, 45, 33, 33, 51, 32, 36, 38, 38, 32, 39, 39, 56, 43, 47, 44, 41, 40, 27, 50, 49, 45, 54, 29, 41, 46, 41, 37, 40, 39, 38, 41, 28, 52, 38, 28, 32, 50, 48, 46, 32, 24, 41, 40, 41, 43, 49, 43, 35, 38, 37, 35, 32, 40, 45, 51, 50, 42, 33, 33, 40, 38, 42, 35, 45, 45, 40, 26, 44, 34, 46, 46, 48, 32, 28, 42, 33, 40, 40, 34, 36, 34, 43, 38, 34, 41, 46, 31, 54, 30, 45, 25, 40, 24, 43, 25, 26, 39]
