0.896341463414634	0.812869336835194	3	2.52208013708502	2.50741177057822
0.80188679245283	0.80188679245283	3	2.40566037735849	2.4463530917389
0.832738803012287	0.832738803012287	3	2.49821640903686	2.53890912341727
0.870140612076096	0.870140612076096	2	2.61042183622829	2.6511145506087
0.823423423423423	0.798206278026906	3	2.41983597947724	2.40516761297043
0.874625374625375	0.874625374625375	3	2.62387612387612	2.66456883825653
0.827961870177031	0.827961870177031	3	2.48388561053109	2.5245783249115
0.910509031198686	0.825729244577412	3	2.56196752035351	2.54729915384671
0.878587196467991	0.807116104868914	2	2.49281940620582	2.47815103969902
0.910509031198686	0.910509031198686	3	2.73152709359606	2.77221980797647
0.845545598313126	0.845545598313126	3	2.53663679493938	2.57732950931979
0.874625374625375	0.785211267605634	2	2.44504790983664	2.43037954332984
0.857236411263916	0.857236411263916	3	2.57170923379175	2.61240194817216
0.816234498308906	0.781446540880503	3	2.37912758006991	2.36445921356311
0.688037865748709	0.783831282952548	3	2.25570043165381	2.241032065147
0.869747899159664	0.869747899159664	3	2.60924369747899	2.6499364118594
0.866906474820144	0.808035714285714	3	2.48297790339157	2.46830953688477
0.812683499706401	0.785714285714286	3	2.38411207113497	2.36944370462817
0.878587196467991	0.878587196467991	3	2.63576158940397	2.67645430378438
0.785567010309278	0.750387253817216	2	2.28634151794371	2.27167315143691
0.896341463414634	0.824433065106072	3	2.54520759362678	2.53053922711998
0.771535580524345	0.754322111010009	3	2.28017980254436	2.26551143603756
0.812683499706401	0.812683499706401	2	2.4380504991192	2.47874321349961
0.801429706115965	0.801429706115965	3	2.4042891183479	2.4449818327283
0.874625374625375	0.617469879518072	3	2.10956513366152	2.09489676715472
0.822222222222222	0.845188284518828	3	2.51259879125988	2.49793042475308
0.850533807829182	0.750387253817216	3	2.35130831546361	2.33663994895681
0.692307692307692	0.785714285714286	2	2.26373626373626	2.24906789722946
0.813614744351962	0.78	3	2.37361474435196	2.35894637784516
0.821509009009009	0.808770668583753	1	2.43905034617651	2.42438197966971
0.878587196467991	0.878587196467991	3	2.63576158940397	2.67645430378438
0.76797829036635	0.76797829036635	3	2.30393487109905	2.34462758547946
0.807692307692308	0.880349344978166	3	2.56839099764864	2.55372263114184
0.813614744351962	0.801429706115965	3	2.41647415658389	2.40180579007709
0.82	0.741007194244604	3	2.30201438848921	2.28734602198241
0.91353001017294	0.91353001017294	3	2.74059003051882	2.78128274489923
0.889502762430939	0.815340909090909	3	2.52018458061276	2.50551621410596
0.786848072562358	0.755952380952381	3	2.29875283446712	2.28408446796032
0.766497461928934	0.766497461928934	3	2.2994923857868	2.34018510016721
0.813614744351962	0.654907975460123	3	2.12343069527221	2.10876232876541
0.782742681047766	0.782742681047766	3	2.3482280431433	2.38892075752371
0.823529411764706	0.728624535315985	3	2.28077848239668	2.26611011588988
0.831717451523546	0.831717451523546	3	2.49515235457064	2.53584506895105
0.866906474820144	0.783193277310924	3	2.43329302944199	2.41862466293519
0.878587196467991	0.833517089305402	3	2.5456213750788	2.53095300857199
0.814553990610329	0.814553990610329	3	2.44366197183099	2.48435468621139
0.858147713950762	0.858147713950762	3	2.57444314185229	2.61513585623269
0.834447713292324	0.65981148243359	2	2.1540706781595	2.1394023116527
0.808035714285714	0.774104683195592	2	2.3562450806769	2.3415767141701
0.807103490508267	0.754322111010009	2	2.31574771252829	2.30107934602148
0.833517089305402	0.67921686746988	3	2.19195082424516	2.17728245773836
0.918143459915612	0.814638783269962	3	2.54742102645554	2.53275265994874
0.816234498308906	0.845188284518828	3	2.50661106734656	2.49194270083976
0.807116104868914	0.67921686746988	3	2.16554983980867	2.15088147330187
0.870140612076096	0.817142857142857	3	2.50442632636181	2.48975795985501
0.813614744351962	0.813614744351962	2	2.44084423305589	2.48153694743629
0.874625374625375	0.689922480620155	2	2.25447033586568	2.23980196935888
0.880349344978166	0.622137404580153	3	2.12462415413847	2.10995578763167
0.909574468085106	0.680539273153576	2	2.27065301439226	2.25598464788546
0.878587196467991	0.878587196467991	2	2.63576158940397	2.67645430378438
0.845545598313126	0.621052631578947	3	2.08765086147102	2.07298249496422
0.833517089305402	0.833513513513514	2	2.50054411633243	2.48587574982563
0.845545598313126	0.728099173553719	3	2.30174394542056	2.28707557891376
0.918143459915612	0.794001578531965	3	2.50614661697954	2.49147825047274
0.877112135176651	0.728624535315985	3	2.33436120580862	2.31969283930182
0.675222112537019	0.715709261430246	3	2.10664063539751	2.09197226889071
0.803088803088803	0.570221066319896	1	1.9435309357286	1.92886256922179
0.866906474820144	0.786848072562358	3	2.44060261994486	2.42593425343806
0.735294117647059	0.735294117647059	3	2.20588235294118	2.24657506732158
0.910509031198686	0.831717451523546	3	2.57394393424578	2.55927556773898
0.813614744351962	0.813614744351962	1	2.44084423305589	2.48153694743629
0.855828220858896	0.65981148243359	1	2.17545118572608	2.16078281921928
0.855828220858896	0.834447713292324	3	2.52472364744354	2.51005528093674
0.832738803012287	0.728624535315985	3	2.28998787364426	2.27531950713746
0.808770668583753	0.821509009009009	3	2.45178868660177	2.43712032009497
0.807511737089202	0.744338498212157	3	2.29618873351352	2.28152036700672
0.789007092198582	0.750387253817216	2	2.28978159983301	2.27511323332621
0.807692307692308	0.807692307692308	3	2.42307692307692	2.46376963745733
0.855828220858896	0.701413427561837	3	2.25865507598257	2.24398670947577
0.751417769376181	0.751417769376181	3	2.25425330812854	2.29494602250895
0.813614744351962	0.813614744351962	2	2.44084423305589	2.48153694743629
0.84272997032641	0.91353001017294	3	2.66978999067229	2.65512162416549
0.808770668583753	0.621026894865526	3	2.0508244583148	2.036156091808
0.882292732855681	0.722513089005236	3	2.32731891086615	2.31265054435935
0.858147713950762	0.858147713950762	3	2.57444314185229	2.61513585623269
0.821509009009009	0.808770668583753	3	2.43905034617651	2.42438197966971
0.759837177747625	0.686746987951807	2	2.13333115365124	2.11866278714444
0.889502762430939	0.701561065197429	2	2.2926248928258	2.277956526319
0.889502762430939	0.831717451523546	3	2.55293766547803	2.53826929897123
0.845545598313126	0.779150197628458	3	2.40384599357004	2.38917762706324
0.803088803088803	0.65606936416185	3	2.1152275314125	2.1005591649057
0.891032148900169	0.864197530864197	3	2.61942721062856	2.60475884412176
0.909574468085106	0.828214971209213	3	2.56600441050353	2.55133604399673
0.855828220858896	0.792310906811534	2	2.44045003448196	2.42578166797516
0.828214971209213	0.772307692307692	3	2.3728303558246	2.3581619893178
0.828214971209213	0.870140612076096	3	2.5684961953614	2.5538278288546
0.910509031198686	0.910509031198686	3	2.73152709359606	2.77221980797647
0.880349344978166	0.850533807829182	3	2.58141696063653	2.56674859412973
0.880349344978166	0.880349344978166	2	2.6410480349345	2.68174074931491
0.816234498308906	0.840978593272171	3	2.49819168485325	2.48352331834645
0.91353001017294	0.846153846153846	3	2.60583770248063	2.59116933597383
0.833146696528555	0.796296296296296	2	2.42573928912115	2.41107092261435
0.91353001017294	0.559620596205962	3	2.03277120258486	2.01810283607806
0.878587196467991	0.663051897753679	3	2.20469099197535	2.19002262546855
0.896341463414634	0.803493449781659	3	2.50332836297795	2.48865999647115
0.878587196467991	0.833517089305402	2	2.5456213750788	2.53095300857199
0.816234498308906	0.563466878222927	3	1.94316825475476	1.92849988824796
0.832738803012287	0.832738803012287	3	2.49821640903686	2.53890912341727
0.787128712871287	0.787128712871287	3	2.36138613861386	2.40207885299427
0.884086444007859	0.840978593272171	2	2.5660436305522	2.5513752640454
0.891032148900169	0.864197530864197	3	2.61942721062856	2.60475884412176
0.95	0.787128712871287	3	2.52425742574257	2.50958905923577
0.853391684901532	0.811515748031496	3	2.47642318096452	2.46175481445772
0.87037037037037	0.755656108597285	3	2.38168258756494	2.36701422105814
0.851908396946565	0.851908396946565	3	2.55572519083969	2.5964179052201
0.850533807829182	0.750387253817216	3	2.35130831546361	2.33663994895681
0.874625374625375	0.827961870177031	3	2.53054911497944	2.51588074847264
0.804789877993674	0.804789877993674	3	2.41436963398102	2.45506234836143
0.755656108597285	0.755656108597285	3	2.26696832579186	2.30766104017226
0.880349344978166	0.789007092198582	3	2.45836352937533	2.44369516286853
0.753378378378378	0.878587196467991	3	2.51055277131436	2.49588440480756
0.878587196467991	0.878587196467991	2	2.63576158940397	2.67645430378438
0.834447713292324	0.834447713292324	3	2.50334313987697	2.54403585425738
0.891032148900169	0.891032148900169	3	2.67309644670051	2.71378916108092
0.882292732855681	0.882292732855681	2	2.64687819856704	2.68757091294745
0.918143459915612	0.814638783269962	3	2.54742102645554	2.53275265994874
0.817883511074651	0.794471689701293	3	2.40682689047724	2.39215852397044
0.817883511074651	0.817883511074651	3	2.45365053322395	2.49434324760436
0.794471689701293	0.755429650613787	2	2.30533099092887	2.29066262442207
0.891032148900169	0.710084033613445	3	2.31120021612706	2.29653184962026
0.896341463414634	0.755639097744361	3	2.40761965890336	2.39295129239656
0.821509009009009	0.621026894865526	2	2.06356279874006	2.04889443223326
0.797010228166798	0.797010228166798	3	2.39103068450039	2.4317233988808
0.884086444007859	0.563466878222927	2	2.01102020045371	1.99635183394691
0.811893203883495	0.832738803012287	3	2.47737080990807	2.46270244340127
0.753378378378378	0.753378378378378	3	2.26013513513514	2.30082784951554
0.794471689701293	0.755429650613787	3	2.30533099092887	2.29066262442207
0.855828220858896	0.792310906811534	3	2.44045003448196	2.42578166797516
0.814638783269962	0.814638783269962	2	2.44391634980989	2.48460906419029
0.850533807829182	0.750387253817216	3	2.35130831546361	2.33663994895681
0.874625374625375	0.770408163265306	3	2.41544170115599	2.40077333464919
0.76797829036635	0.759837177747625	3	2.2876526458616	2.2729842793548
0.828214971209213	0.828214971209213	3	2.48464491362764	2.52533762800805
0.880349344978166	0.850533807829182	2	2.58141696063653	2.56674859412973
0.866906474820144	0.774104683195592	3	2.41511584121133	2.40044747470453
0.874625374625375	0.773245614035088	3	2.42111660269555	2.40644823618875
0.759837177747625	0.757635467980296	3	2.27510811370822	2.26043974720142
0.781446540880503	0.563466878222927	3	1.90838029732636	1.89371193081956
0.889502762430939	0.757352941176471	3	2.40420864478388	2.38954027827708
0.910509031198686	0.701561065197429	3	2.31363116159354	2.29896279508674
0.751417769376181	0.488372093023256	2	1.72816195542269	1.71349358891589
0.804789877993674	0.804789877993674	3	2.41436963398102	2.45506234836143
0.804789877993674	0.850673194614443	3	2.50613626722256	2.49146790071576
0.857236411263916	0.857236411263916	2	2.57170923379175	2.61240194817216
0.76797829036635	0.759837177747625	3	2.2876526458616	2.2729842793548
0.845545598313126	0.779150197628458	3	2.40384599357004	2.38917762706324
0.817883511074651	0.632	3	2.08188351107465	2.06721514456785
0.755656108597285	0.797010228166798	3	2.34967656493088	2.33500819842408
0.814285714285714	0.814285714285714	2	2.44285714285714	2.48354985723755
0.858147713950762	0.858147713950762	2	2.57444314185229	2.61513585623269
0.832738803012287	0.728624535315985	3	2.28998787364426	2.27531950713746
0.811893203883495	0.811893203883495	3	2.43567961165049	2.47637232603089
0.909574468085106	0.870140612076096	2	2.6498556922373	2.6351873257305
0.891032148900169	0.891032148900169	3	2.67309644670051	2.71378916108092
0.87037037037037	0.87037037037037	3	2.61111111111111	2.65180382549152
0.821509009009009	0.737547892720307	3	2.29660479444962	2.28193642794282
0.880349344978166	0.789007092198582	3	2.45836352937533	2.44369516286853
0.780805687203792	0.80952380952381	3	2.39985330625141	2.38518493974461
0.878587196467991	0.807116104868914	2	2.49281940620582	2.47815103969902
0.851908396946565	0.851908396946565	3	2.55572519083969	2.5964179052201
0.828214971209213	0.69620253164557	3	2.22062003450035	2.20595166799355
0.809864757358791	0.52430196483971	2	1.85846868703821	1.84380032053141
0.688037865748709	0.52430196483971	3	1.73664179542813	1.72197342892133
0.794471689701293	0.799418604651163	3	2.39330889900362	2.37864053249682
0.806349206349206	0.811515748031496	3	2.4293807024122	2.4147123359054
0.840978593272171	0.840978593272171	3	2.52293577981651	2.56362849419692
0.860627177700348	0.728897715988083	3	2.31842260967652	2.30375424316971
0.895833333333333	0.895833333333333	3	2.6875	2.72819271438041
0.910509031198686	0.910509031198686	3	2.73152709359606	2.77221980797647
0.797010228166798	0.723346828609987	3	2.24370388538677	2.22903551887997
0.803088803088803	0.755656108597285	3	2.31440102028337	2.29973265377657
0.853846153846154	0.845545598313126	3	2.54493735047241	2.5302689839656
0.772893772893773	0.772893772893773	3	2.31868131868132	2.35937403306173
0.816234498308906	0.563466878222927	3	1.94316825475476	1.92849988824796
0.817541613316261	0.725290697674419	2	2.2681230086651	2.2534546421583
0.807372175980975	0.807372175980975	3	2.42211652794292	2.46280924232333
0.797010228166798	0.570221066319896	3	1.93745236080659	1.92278399429979
0.816234498308906	0.671394799054373	2	2.15902409641765	2.14435572991085
0.76797829036635	0.76797829036635	3	2.30393487109905	2.34462758547946
0.821509009009009	0.728241563055062	3	2.27799213511913	2.26332376861233
0.81453154875717	0.81453154875717	2	2.44359464627151	2.48428736065192
0.910509031198686	0.825729244577412	3	2.56196752035351	2.54729915384671
0.828214971209213	0.828214971209213	3	2.48464491362764	2.52533762800805
0.714285714285714	0.714285714285714	2	2.14285714285714	2.18354985723755
0.866906474820144	0.711111111111111	3	2.28912869704237	2.27446033053557
0.797010228166798	0.673076923076923	3	2.14316407432064	2.12849570781384
0.864197530864197	0.784511784511784	3	2.43322109988777	2.41855273338097
0.882292732855681	0.882292732855681	3	2.64687819856704	2.68757091294745
0.880349344978166	0.789007092198582	3	2.45836352937533	2.44369516286853
0.866906474820144	0.825516893595562	3	2.51794026201127	2.50327189550447
0.880349344978166	0.750387253817216	3	2.3811238526126	2.3664554861058
0.882292732855681	0.882292732855681	3	2.64687819856704	2.68757091294745
0.757635467980296	0.735849056603774	2	2.22933358118784	2.21466521468104
0.816257408975445	0.558521560574949	2	1.93330053012534	1.91863216361854
0.831717451523546	0.825729244577412	3	2.48317594067837	2.46850757417157
0.880349344978166	0.880349344978166	3	2.6410480349345	2.68174074931491
0.891032148900169	0.891032148900169	3	2.67309644670051	2.71378916108092
0.882292732855681	0.882292732855681	3	2.64687819856704	2.68757091294745
0.909574468085106	0.828214971209213	3	2.56600441050353	2.55133604399673
0.80639431616341	0.601642710472279	2	2.00967973710797	1.99501137060117
0.833517089305402	0.833517089305402	3	2.50055126791621	2.54124398229662
0.801292407108239	0.801292407108239	3	2.40387722132472	2.44456993570513
0.807692307692308	0.807692307692308	2	2.42307692307692	2.46376963745733
0.878587196467991	0.804347826086957	2	2.4872828486419	2.4726144821351
0.796296296296296	0.744212962962963	3	2.28472222222222	2.27005385571542
0.896341463414634	0.812869336835194	3	2.52208013708502	2.50741177057822
0.778231292517007	0.58041958041958	2	1.93907045335617	1.92440208684937
0.819354838709677	0.690582959641256	3	2.20052075799219	2.18585239148539
0.827961870177031	0.827961870177031	3	2.48388561053109	2.5245783249115
0.856243949661181	0.856243949661181	3	2.56873184898354	2.60942456336395
0.856243949661181	0.763942931258106	2	2.38412981217739	2.36946144567059
0.752258064516129	0.752258064516129	3	2.25677419354839	2.2974669079288
0.834447713292324	0.834447713292324	3	2.50334313987697	2.54403585425738
0.834447713292324	0.834447713292324	2	2.50334313987697	2.54403585425738
0.814984709480122	0.814984709480122	3	2.44495412844037	2.48564684282078
0.786377708978328	0.663051897753679	1	2.11248150448569	2.09781313797889
0.909574468085106	0.828214971209213	3	2.56600441050353	2.55133604399673
0.918143459915612	0.794001578531965	2	2.50614661697954	2.49147825047274
0.807103490508267	0.755656108597285	3	2.31841570770284	2.30374734119604
0.866906474820144	0.866906474820144	3	2.60071942446043	2.64141213884084
0.851908396946565	0.720904578047435	3	2.29371755304144	2.27904918653463
0.845188284518828	0.757635467980296	3	2.36045922047942	2.34579085397262
0.833146696528555	0.833146696528555	3	2.49944008958567	2.54013280396607
0.812683499706401	0.812683499706401	3	2.4380504991192	2.47874321349961
0.882292732855681	0.790384615384615	3	2.46306196362491	2.44839359711811
0.831717451523546	0.831717451523546	3	2.49515235457064	2.53584506895105
0.880349344978166	0.750387253817216	3	2.3811238526126	2.3664554861058
0.816257408975445	0.558521560574949	3	1.93330053012534	1.91863216361854
0.849004804392588	0.785211267605634	3	2.41942733960386	2.40475897309705
0.748148148148148	0.748148148148148	3	2.24444444444444	2.28513715882485
0.848979591836735	0.848979591836735	3	2.5469387755102	2.58763148989061
0.833513513513514	0.833513513513514	3	2.50054054054054	2.54123325492095
0.882292732855681	0.817541613316261	3	2.5173759594882	2.5027075929814
0.856243949661181	0.798206278026906	2	2.45265650571499	2.43798813920819
0.807103490508267	0.807103490508267	3	2.4213104715248	2.46200318590521
0.807103490508267	0.807103490508267	3	2.4213104715248	2.46200318590521
0.882292732855681	0.882292732855681	3	2.64687819856704	2.68757091294745
0.797010228166798	0.680539273153576	3	2.15808877447395	2.14342040796715
0.744402985074627	0.811515748031496	3	2.36743448113762	2.35276611463082
0.825516893595562	0.751417769376181	2	2.32835243234793	2.31368406584112
0.896341463414634	0.812869336835194	1	2.52208013708502	2.50741177057822
0.875609756097561	0.875609756097561	3	2.62682926829268	2.66752198267309
0.845188284518828	0.755639097744361	2	2.35646648000755	2.34179811350075
0.814984709480122	0.757635467980296	3	2.33025564544071	2.31558727893391
0.895833333333333	0.827961870177031	3	2.5517570736874	2.53708870718059
0.895833333333333	0.770408163265306	2	2.43664965986395	2.42198129335714
0.845188284518828	0.755639097744361	3	2.35646648000755	2.34179811350075
0.882292732855681	0.882292732855681	3	2.64687819856704	2.68757091294745
0.889502762430939	0.831717451523546	3	2.55293766547803	2.53826929897123
0.91353001017294	0.690582959641256	2	2.29469592945545	2.28002756294865
0.821509009009009	0.621026894865526	2	2.06356279874006	2.04889443223326
0.823423423423423	0.763942931258106	3	2.35130928593964	2.33664091943283
0.891032148900169	0.864197530864197	3	2.61942721062856	2.60475884412176
0.845545598313126	0.845545598313126	3	2.53663679493938	2.57732950931979
0.845545598313126	0.845545598313126	3	2.53663679493938	2.57732950931979
0.910509031198686	0.60149130074565	2	2.11349163268999	2.09882326618319
0.833146696528555	0.833146696528555	3	2.49944008958567	2.54013280396607
0.910509031198686	0.910509031198686	3	2.73152709359606	2.77221980797647
0.759837177747625	0.759837177747625	1	2.27951153324288	2.32020424762328
0.896341463414634	0.824433065106072	3	2.54520759362678	2.53053922711998
0.857236411263916	0.812869336835194	3	2.4829750849343	2.4683067184275
0.811893203883495	0.811893203883495	3	2.43567961165049	2.47637232603089
0.837423312883436	0.624338624338624	2	2.08610056156068	2.07143219505388
0.844393592677345	0.844393592677345	3	2.53318077803204	2.57387349241244
0.794871794871795	0.816091954022989	3	2.42705570291777	2.41238733641097
0.833513513513514	0.752258064516129	2	2.33802964254577	2.32336127603897
0.880349344978166	0.880349344978166	2	2.6410480349345	2.68174074931491
0.750387253817216	0.657465495608532	2	2.06531824503428	2.05064987852748
0.87037037037037	0.755826859045505	2	2.38202408846138	2.36735572195458
0.91353001017294	0.91353001017294	3	2.74059003051882	2.78128274489923
0.816257408975445	0.76628895184136	3	2.34883531265816	2.33416694615136
0.813614744351962	0.813614744351962	3	2.44084423305589	2.48153694743629
0.895833333333333	0.773245614035088	3	2.44232456140351	2.42765619489671
0.780104712041885	0.840978593272171	3	2.46206189858623	2.44739353207943
0.786377708978328	0.786377708978328	3	2.35913312693498	2.39982584131539
0.910509031198686	0.701561065197429	3	2.31363116159354	2.29896279508674
0.833513513513514	0.833513513513514	3	2.50054054054054	2.54123325492095
0.878587196467991	0.736842105263158	3	2.35227140699431	2.33760304048751
0.856243949661181	0.856243949661181	3	2.56873184898354	2.60942456336395
0.874625374625375	0.874625374625375	3	2.62387612387612	2.66456883825653
0.688037865748709	0.786998616874136	3	2.26203509949698	2.24736673299018
0.809864757358791	0.809864757358791	3	2.42959427207637	2.47028698645678
0.739063699155794	0.754322111010009	3	2.24770792117581	2.23303955466901
0.91353001017294	0.91353001017294	3	2.74059003051882	2.78128274489923
0.889502762430939	0.889502762430939	3	2.66850828729282	2.70920100167323
0.849004804392588	0.849004804392588	3	2.54701441317776	2.58770712755817
0.744386873920553	0.744386873920553	3	2.23316062176166	2.27385333614207
0.87037037037037	0.755656108597285	2	2.38168258756494	2.36701422105814
0.918143459915612	0.74085684430512	2	2.39985714852585	2.38518878201905
0.878587196467991	0.878587196467991	3	2.63576158940397	2.67645430378438
0.794471689701293	0.794471689701293	3	2.38341506910388	2.42410778348429
0.81390134529148	0.784541723666211	3	2.3829847926239	2.3683164261171
0.869158878504673	0.41044776119403	2	1.69005440089273	1.67538603438593
0.856243949661181	0.743335872048743	3	2.34291569375867	2.32824732725187
0.834447713292324	0.834447713292324	3	2.50334313987697	2.54403585425738
0.764492753623188	0.764492753623188	2	2.29347826086956	2.33417097524997
0.815252416756176	0.795165394402036	2	2.40558320556025	2.39091483905345
0.918143459915612	0.820247933884298	3	2.55863932768421	2.54397096117741
0.941176470588235	0.74085684430512	3	2.42289015919848	2.40822179269167
0.815252416756176	0.840816326530612	3	2.4968850698174	2.4822167033106
0.795592286501377	0.655287260616153	3	2.10616680773368	2.09149844122688
0.884086444007859	0.74	3	2.36408644400786	2.34941807750106
0.84272997032641	0.84272997032641	3	2.52818991097923	2.56888262535964
0.847826086956522	0.856243949661181	2	2.56031398627888	2.54564561977208
0.833513513513514	0.83026874115983	3	2.49405099583317	2.47938262932637
0.845545598313126	0.728099173553719	3	2.30174394542056	2.28707557891376
0.875609756097561	0.757635467980296	2	2.39088069205815	2.37621232555135
0.780805687203792	0.780805687203792	3	2.34241706161137	2.38310977599178
0.866906474820144	0.785425101214575	3	2.43775667724929	2.42308831074249
0.847826086956522	0.743335872048743	3	2.33449783105401	2.31982946454721
0.828282828282828	0.794001578531965	2	2.41628598534676	2.40161761883996
0.878587196467991	0.787128712871287	3	2.45284462221057	2.43817625570376
0.813614744351962	0.813614744351962	2	2.44084423305589	2.48153694743629
0.878587196467991	0.878587196467991	3	2.63576158940397	2.67645430378438
0.875609756097561	0.811515748031496	3	2.49864125216055	2.48397288565375
0.776190476190476	0.821509009009009	3	2.41920849420849	2.40454012770169
0.864197530864197	0.891032148900169	3	2.64626182866454	2.63159346215773
0.822222222222222	0.813119755911518	2	2.44846173404526	2.43379336753846
0.817883511074651	0.755429650613787	3	2.32874281230222	2.31407444579542
0.833513513513514	0.73117033603708	2	2.29585418558767	2.28118581908087
0.823423423423423	0.757156048014774	3	2.33773551945297	2.32306715294617
0.757459095283927	0.757459095283927	3	2.27237728585178	2.31307000023219
0.849004804392588	0.794001578531965	3	2.43700796145652	2.42233959494972
0.825345247766044	0.828457446808511	3	2.48226014138307	2.46759177487626
0.904545454545455	0.747603833865815	3	2.39975312227708	2.38508475577028
0.815252416756176	0.755656108597285	3	2.32656463395075	2.31189626744395
0.870140612076096	0.728897715988083	3	2.32793604405226	2.31326767754546
0.816257408975445	0.816091954022989	3	2.44844131702142	2.43377295051462
0.765329295987888	0.765329295987888	2	2.29598788796366	2.33668060234407
0.819354838709677	0.762670957361223	2	2.34469675343212	2.33002838692532
0.891032148900169	0.891032148900169	3	2.67309644670051	2.71378916108092
0.844393592677345	0.5	3	1.84439359267735	1.82972522617054
0.833517089305402	0.747474747474748	2	2.3284665842549	2.3137982177481
0.845545598313126	0.845545598313126	3	2.53663679493938	2.57732950931979
0.891032148900169	0.807251908396947	3	2.50553596569406	2.49086759918726
0.847826086956522	0.698360655737705	3	2.24454739843193	2.22987903192513
0.822222222222222	0.822222222222222	3	2.46666666666667	2.50735938104707
0.834447713292324	0.701413427561837	2	2.237274568416	2.2226062019092
0.880349344978166	0.785567010309278	3	2.45148336559672	2.43681499908992
0.816257408975445	0.558521560574949	3	1.93330053012534	1.91863216361854
0.875609756097561	0.811515748031496	3	2.49864125216055	2.48397288565375
0.739063699155794	0.739063699155794	2	2.21719109746738	2.25788381184779
0.750915750915751	0.761651131824234	2	2.27421801456422	2.25954964805742
0.849004804392588	0.849004804392588	3	2.54701441317776	2.58770712755817
0.794871794871795	0.591666666666667	2	1.97820512820513	1.96353676169833
0.807116104868914	0.73117033603708	2	2.26945677694307	2.25478841043627
0.80639431616341	0.779150197628458	3	2.36469471142033	2.35002634491353
0.83026874115983	0.83026874115983	3	2.49080622347949	2.5314989378599
0.797010228166798	0.794001578531965	3	2.38501338523073	2.37034501872393
0.813614744351962	0.91353001017294	3	2.64067476469784	2.62600639819104
0.884086444007859	0.563466878222927	3	2.01102020045371	1.99635183394691
0.750387253817216	0.750387253817216	3	2.25116176145165	2.29185447583206
0.882292732855681	0.817541613316261	3	2.5173759594882	2.5027075929814
0.904545454545455	0.814984709480122	2	2.5345148735057	2.5198465069989
0.849004804392588	0.794001578531965	3	2.43700796145652	2.42233959494972
0.780805687203792	0.759837177747625	3	2.30048004269904	2.28581167619224
0.83953488372093	0.755656108597285	2	2.3508471009155	2.3361787344087
0.847826086956522	0.757156048014774	3	2.36213818298607	2.34746981647927
0.813614744351962	0.754322111010009	3	2.32225896637198	2.30759059986518
0.809864757358791	0.688037865748709	3	2.18594048885621	2.17127212234941
0.895833333333333	0.744212962962963	2	2.38425925925926	2.36959089275246
0.834447713292324	0.792310906811534	2	2.41906952691539	2.40440116040859
0.80639431616341	0.777292576419214	3	2.36097946900184	2.34631110249504
0.811614730878187	0.635635635635636	2	2.08288600214946	2.06821763564266
0.891032148900169	0.807251908396947	3	2.50553596569406	2.49086759918726
0.835420393559928	0.587640449438202	2	2.01070129243633	1.99603292592953
0.918143459915612	0.814638783269962	3	2.54742102645554	2.53275265994874
0.91353001017294	0.91353001017294	3	2.74059003051882	2.78128274489923
0.882292732855681	0.817541613316261	3	2.5173759594882	2.5027075929814
0.833513513513514	0.73117033603708	1	2.29585418558767	2.28118581908087
0.884086444007859	0.825345247766044	3	2.53477693953995	2.52010857303314
0.891032148900169	0.574725274725275	2	2.04048269835072	2.02581433184392
0.828457446808511	0.825345247766044	3	2.4791479423406	2.4644795758338
0.821509009009009	0.728241563055062	3	2.27799213511913	2.26332376861233
0.811515748031496	0.811515748031496	3	2.43454724409449	2.4752399584749
0.797368421052632	0.746680286006129	3	2.29072899306489	2.27606062655809
0.812589413447783	0.786377708978328	3	2.38534483140444	2.37067646489764
0.896341463414634	0.824433065106072	3	2.54520759362678	2.53053922711998
0.882292732855681	0.882292732855681	3	2.64687819856704	2.68757091294745
0.821509009009009	0.782742681047766	3	2.38699437110454	2.37232600459774
0.797368421052632	0.746680286006129	2	2.29072899306489	2.27606062655809
0.813614744351962	0.813614744351962	3	2.44084423305589	2.48153694743629
0.779150197628458	0.799568965517241	3	2.37828812866294	2.36361976215614
0.816257408975445	0.816257408975445	3	2.44877222692633	2.48946494130674
0.752258064516129	0.73117033603708	2	2.21459873659029	2.19993037008349
0.797368421052632	0.786377708978328	3	2.37012383900929	2.35545547250249
0.840978593272171	0.747933884297521	3	2.33684636186721	2.32217799536041
0.799418604651163	0.794471689701293	3	2.38836198405375	2.37369361754695
0.874625374625375	0.670116429495472	2	2.21485823361632	2.20018986710952
0.869158878504673	0.869158878504673	3	2.60747663551402	2.64816934989443
0.805615550755939	0.73202614379085	1	2.26966783833764	2.25499947183084
0.759837177747625	0.759837177747625	3	2.27951153324288	2.32020424762328
0.816257408975445	0.558521560574949	3	1.93330053012534	1.91863216361854
0.784511784511784	0.722513089005236	3	2.22953796252226	2.21486959601545
0.877112135176651	0.675222112537019	2	2.22755636025069	2.21288799374389
0.823423423423423	0.73202614379085	2	2.28747571100512	2.27280734449832
0.882292732855681	0.766990291262136	3	2.41627331537995	2.40160494887315
0.834447713292324	0.792310906811534	3	2.41906952691539	2.40440116040859
0.904545454545455	0.773245614035088	3	2.45103668261563	2.43636831610883
0.877112135176651	0.81453154875717	3	2.50617523269099	2.49150686618419
0.750387253817216	0.750387253817216	3	2.25116176145165	2.29185447583206
0.870140612076096	0.870140612076096	3	2.61042183622829	2.6511145506087
0.918143459915612	0.675398633257403	3	2.26894072643042	2.25427235992362
0.83026874115983	0.807116104868914	3	2.44450095089766	2.42983258439086
0.715447154471545	0.759837177747625	3	2.2351215099668	2.22045314345999
0.840816326530612	0.840816326530612	2	2.52244897959184	2.56314169397224
0.891032148900169	0.812683499706401	3	2.51639914831297	2.50173078180617
0.891032148900169	0.814553990610329	3	2.52014013012083	2.50547176361403
0.795592286501377	0.720904578047435	3	2.23740144259625	2.22273307608945
0.804849884526559	0.747126436781609	3	2.29910275808978	2.28443439158298
0.918143459915612	0.811764705882353	3	2.54167287168032	2.52700450517352
0.875609756097561	0.811515748031496	3	2.49864125216055	2.48397288565375
0.857236411263916	0.857236411263916	3	2.57170923379175	2.61240194817216
0.904545454545455	0.773245614035088	3	2.45103668261563	2.43636831610883
0.753117206982544	0.810710987996307	3	2.37453918297516	2.35987081646836
0.882292732855681	0.849961028838659	3	2.582214790533	2.5675464240262
0.87434554973822	0.663051897753679	2	2.20044934524558	2.18578097873878
0.804347826086957	0.654907975460123	2	2.1141637770072	2.0994954105004
0.862962962962963	0.73117033603708	2	2.32530363503712	2.31063526853032
0.862962962962963	0.752258064516129	3	2.36747909199522	2.35281072548842
0.87037037037037	0.635036496350365	3	2.1404433630711	2.1257749965643
0.891032148900169	0.65981148243359	2	2.21065511376735	2.19598674726055
0.834447713292324	0.855828220858896	3	2.54610415501012	2.53143578850331
0.811515748031496	0.811515748031496	1	2.43454724409449	2.4752399584749
0.816257408975445	0.773245614035088	2	2.36274863704562	2.34808027053882
0.824433065106072	0.824433065106072	2	2.47329919531822	2.51399190969862
0.810710987996307	0.804789877993674	3	2.42029074398365	2.40562237747685
0.779150197628458	0.779150197628458	3	2.33745059288538	2.37814330726578
0.813614744351962	0.794001578531965	3	2.40161790141589	2.38694953490909
0.835420393559928	0.816234498308906	3	2.46788939017774	2.45322102367094
0.73117033603708	0.73117033603708	1	2.19351100811124	2.23420372249165
0.882292732855681	0.817541613316261	3	2.5173759594882	2.5027075929814
0.813614744351962	0.813614744351962	3	2.44084423305589	2.48153694743629
0.797368421052632	0.797368421052632	3	2.39210526315789	2.4327979775383
0.832738803012287	0.832738803012287	3	2.49821640903686	2.53890912341727
0.807372175980975	0.715709261430246	3	2.23879069884147	2.22412233233467
0.910509031198686	0.60149130074565	2	2.11349163268999	2.09882326618319
0.813614744351962	0.794001578531965	3	2.40161790141589	2.38694953490909
0.825516893595562	0.855614973262032	3	2.53674684011963	2.52207847361283
0.849004804392588	0.849004804392588	2	2.54701441317776	2.58770712755817
0.819354838709677	0.756302521008403	2	2.33195988072648	2.31729151421968
0.857236411263916	0.857236411263916	3	2.57170923379175	2.61240194817216
0.812589413447783	0.812589413447783	3	2.43776824034335	2.47846095472376
0.784541723666211	0.602409638554217	2	1.98936100077464	1.97469263426784
0.784541723666211	0.784541723666211	3	2.35362517099863	2.39431788537904
0.788235294117647	0.728070175438597	2	2.24437564499484	2.22970727848804
0.882292732855681	0.732374100719424	2	2.34704093429453	2.33237256778773
0.835420393559928	0.68733850129199	3	2.21009739614391	2.19542902963711
0.739063699155794	0.739063699155794	3	2.21719109746738	2.25788381184779
0.812589413447783	0.711111111111111	3	2.23481163567	2.2201432691632
0.810710987996307	0.753117206982544	3	2.31694540196139	2.30227703545459
0.875609756097561	0.69558599695586	2	2.26678175000928	2.25211338350248
0.850673194614443	0.797368421052632	3	2.44541003671971	2.43074167021291
0.855153203342618	0.655287260616153	1	2.16572772457492	2.15105935806812
0.849004804392588	0.762670957361223	3	2.37434671911503	2.35967835260823
0.815252416756176	0.706502636203866	2	2.22825768916391	2.21358932265711
0.810710987996307	0.810710987996307	3	2.43213296398892	2.47282567836933
0.840816326530612	0.840816326530612	2	2.52244897959184	2.56314169397224
0.793103448275862	0.703612479474548	2	2.20032840722496	2.18566004071816
0.864197530864197	0.790384615384615	3	2.44496676163343	2.43029839512663
0.832738803012287	0.790990047145102	3	2.41471889730249	2.40005053079569
0.811764705882353	0.811764705882353	3	2.43529411764706	2.47598683202747
0.804849884526559	0.755826859045505	3	2.31650360261757	2.30183523611077
0.878587196467991	0.817541613316261	2	2.51367042310051	2.49900205659371
0.864197530864197	0.825729244577412	3	2.51565602001902	2.50098765351222
0.793103448275862	0.793103448275862	3	2.37931034482759	2.42000305920799
0.875609756097561	0.811515748031496	3	2.49864125216055	2.48397288565375
0.870140612076096	0.870140612076096	2	2.61042183622829	2.6511145506087
0.793103448275862	0.793103448275862	3	2.37931034482759	2.42000305920799
0.80639431616341	0.795774647887324	3	2.39794361193806	2.38327524543126
0.767699115044248	0.825516893595562	3	2.41873290223537	2.40406453572857
0.84272997032641	0.711111111111111	3	2.26495219254863	2.25028382604183
0.910509031198686	0.750387253817216	3	2.41128353883312	2.39661517232632
0.739063699155794	0.739063699155794	3	2.21719109746738	2.25788381184779
0.918143459915612	0.834447713292324	3	2.58703888650026	2.57237051999346
0.832738803012287	0.790990047145102	3	2.41471889730249	2.40005053079569
0.799418604651163	0.755429650613787	3	2.31027790587874	2.29560953937193
0.904545454545455	0.857236411263916	3	2.61901827707329	2.60434991056649
0.833146696528555	0.722634508348794	2	2.27841571322614	2.26374734671934
0.779150197628458	0.728099173553719	3	2.2353485447359	2.2206801782291
0.825516893595562	0.793103448275862	3	2.41172379014729	2.39705542364049
0.910509031198686	0.910509031198686	3	2.73152709359606	2.77221980797647
0.84272997032641	0.84272997032641	3	2.52818991097923	2.56888262535964
0.810710987996307	0.810710987996307	2	2.43213296398892	2.47282567836933
0.864197530864197	0.790384615384615	3	2.44496676163343	2.43029839512663
0.813614744351962	0.813614744351962	3	2.44084423305589	2.48153694743629
0.884086444007859	0.884086444007859	3	2.65225933202358	2.69295204640398
0.784541723666211	0.570221066319896	2	1.924983856306	1.9103154897992
0.918143459915612	0.834447713292324	3	2.58703888650026	2.57237051999346
0.853391684901532	0.733460257020466	3	2.32031219894246	2.30564383243566
0.910509031198686	0.736842105263158	3	2.384193241725	2.3695248752182
0.884086444007859	0.823423423423423	3	2.53093329085471	2.5162649243479
0.834447713292324	0.834447713292324	3	2.50334313987697	2.54403585425738
0.80639431616341	0.828214971209213	3	2.46282425858184	2.44815589207504
0.832738803012287	0.821509009009009	2	2.47575682103031	2.4610884545235
0.866906474820144	0.795592286501377	3	2.4580910478229	2.4434226813161
0.904545454545455	0.737463126843658	2	2.37947170823277	2.36480334172597
0.874625374625375	0.870140612076096	2	2.61490659877757	2.60023823227077
0.795774647887324	0.743335872048743	3	2.28244639198481	2.26777802547801
0.80639431616341	0.80639431616341	3	2.41918294849023	2.45987566287064
0.813614744351962	0.813614744351962	3	2.44084423305589	2.48153694743629
0.776515151515151	0.776515151515151	3	2.32954545454545	2.37023816892586
0.870140612076096	0.870140612076096	3	2.61042183622829	2.6511145506087
0.855153203342618	0.655287260616153	3	2.16572772457492	2.15105935806812
0.823423423423423	0.823423423423423	3	2.47027027027027	2.51096298465068
0.872262773722628	0.52430196483971	2	1.92086670340205	1.90619833689525
0.716332378223496	0.716332378223496	2	2.14899713467049	2.18968984905089
0.834447713292324	0.834447713292324	3	2.50334313987697	2.54403585425738
0.855153203342618	0.855153203342618	3	2.56545961002786	2.60615232440826
0.910509031198686	0.750387253817216	2	2.41128353883312	2.39661517232632
0.786998616874136	0.744402985074627	3	2.27580458702339	2.26113622051659
0.849961028838659	0.849961028838659	3	2.54988308651598	2.59057580089639
0.853391684901532	0.733460257020466	3	2.32031219894246	2.30564383243566
0.810710987996307	0.76043956043956	3	2.33159010887543	2.31692174236863
0.80639431616341	0.80639431616341	3	2.41918294849023	2.45987566287064
0.847826086956522	0.671910112359551	3	2.19164631167562	2.17697794516882
0.853391684901532	0.728774928774929	2	2.31094154245139	2.29627317594459
0.790384615384615	0.444444444444444	2	1.6792735042735	1.6646051377667
0.910509031198686	0.750387253817216	2	2.41128353883312	2.39661517232632
0.780805687203792	0.750387253817216	2	2.28158019483822	2.26691182833142
0.782742681047766	0.782742681047766	3	2.3482280431433	2.38892075752371
0.779150197628458	0.779150197628458	3	2.33745059288538	2.37814330726578
0.747474747474748	0.747474747474748	3	2.24242424242424	2.28311695680465
0.834447713292324	0.563466878222927	2	1.96138146973818	1.94671310323138
0.884086444007859	0.701561065197429	3	2.28720857440272	2.27254020789591
0.739063699155794	0.739063699155794	3	2.21719109746738	2.25788381184779
0.80639431616341	0.828214971209213	3	2.46282425858184	2.44815589207504
0.864197530864197	0.81390134529148	2	2.49200022144716	2.47733185494036
0.813614744351962	0.739063699155794	3	2.29174214266355	2.27707377615675
0.799418604651163	0.755429650613787	3	2.31027790587874	2.29560953937193
0.918143459915612	0.834447713292324	3	2.58703888650026	2.57237051999346
0.849004804392588	0.762670957361223	2	2.37434671911503	2.35967835260823
0.817541613316261	0.817541613316261	3	2.45262483994878	2.49331755432919
0.773245614035088	0.680539273153576	2	2.13432416034224	2.11965579383544
0.904545454545455	0.904545454545455	3	2.71363636363636	2.75432907801677
0.832738803012287	0.790990047145102	3	2.41471889730249	2.40005053079569
0.87037037037037	0.87037037037037	3	2.61111111111111	2.65180382549152
0.804849884526559	0.532608695652174	3	1.87006727583091	1.85539890932411
0.807372175980975	0.820652173913043	3	2.44867652380706	2.43400815730026
0.743534482758621	0.743534482758621	3	2.23060344827586	2.27129616265627
0.891032148900169	0.788235294117647	3	2.46750273713546	2.45283437062866
0.751724137931034	0.76043956043956	2	2.27260325881016	2.25793489230335
0.810710987996307	0.7625	3	2.33571098799631	2.32104262148951
0.753117206982544	0.753117206982544	3	2.25935162094763	2.30004433532804
0.793103448275862	0.793103448275862	3	2.37931034482759	2.42000305920799
0.83026874115983	0.683823529411765	3	2.19791579998336	2.18324743347656
0.83026874115983	0.825345247766044	2	2.48095923669192	2.46629087018512
0.880349344978166	0.68733850129199	3	2.25502634756215	2.24035798105534
0.83495145631068	0.83495145631068	3	2.50485436893204	2.54554708331245
0.847826086956522	0.73117033603708	3	2.31016675903068	2.29549839252388
0.817541613316261	0.817541613316261	3	2.45262483994878	2.49331755432919
0.817883511074651	0.817883511074651	3	2.45365053322395	2.49434324760436
0.882292732855681	0.882292732855681	2	2.64687819856704	2.68757091294745
0.819354838709677	0.65406162464986	3	2.1274780880094	2.1128097215026
0.793103448275862	0.855614973262032	3	2.50433339479993	2.48966502829313
0.840978593272171	0.755429650613787	3	2.35183789449974	2.33716952799294
0.833333333333333	0.833333333333333	1	2.5	2.54069271438041
0.862352941176471	0.715942028985507	3	2.29423699914749	2.27956863264068
0.880349344978166	0.880349344978166	3	2.6410480349345	2.68174074931491
0.77037037037037	0.77037037037037	3	2.31111111111111	2.35180382549152
0.804849884526559	0.804849884526559	2	2.41454965357968	2.45524236796008
0.794471689701293	0.73117033603708	3	2.25681236177545	2.24214399526865
0.807372175980975	0.825516893595562	3	2.4584059631721	2.4437375966653
0.855614973262032	0.740634005763689	3	2.33688298478941	2.32221461828261
0.878587196467991	0.878587196467991	3	2.63576158940397	2.67645430378438
0.833333333333333	0.833333333333333	3	2.5	2.54069271438041
0.904545454545455	0.904545454545455	3	2.71363636363636	2.75432907801677
0.862352941176471	0.750387253817216	3	2.3631274488109	2.3484590823041
0.870140612076096	0.870140612076096	3	2.61042183622829	2.6511145506087
0.805615550755939	0.769983686786297	3	2.34558292432853	2.33091455782173
0.843853820598007	0.750915750915751	3	2.34568532242951	2.33101695592271
0.811614730878187	0.752258064516129	3	2.31613085991044	2.30146249340364
0.849961028838659	0.849961028838659	2	2.54988308651598	2.59057580089639
0.6	0.763157894736842	2	2.12631578947368	2.11164742296688
0.844393592677345	0.80565371024735	3	2.45570101317205	2.44103264666524
0.870140612076096	0.874625374625375	3	2.61939136132685	2.60472299482004
0.862352941176471	0.862352941176471	3	2.58705882352941	2.62775153790982
0.891032148900169	0.751612903225806	2	2.39425795535178	2.37958958884498
0.855153203342618	0.855153203342618	3	2.56545961002786	2.60615232440826
0.817541613316261	0.502439024390244	2	1.82241966209675	1.80775129558995
0.900662251655629	0.774390243902439	3	2.44944273946051	2.43477437295371
0.794471689701293	0.794471689701293	3	2.38341506910388	2.42410778348429
0.834447713292324	0.834447713292324	2	2.50334313987697	2.54403585425738
0.805970149253731	0.805970149253731	3	2.41791044776119	2.4586031621416
0.880349344978166	0.761651131824234	3	2.40365160862663	2.38898324211983
0.878587196467991	0.761651131824234	3	2.40188946011646	2.38722109360966
0.777292576419214	0.738888888888889	3	2.25507035419699	2.24040198769019
0.884086444007859	0.870140612076096	3	2.62436766816005	2.60969930165325
0.78328173374613	0.78328173374613	3	2.34984520123839	2.3905379156188
0.780788177339901	0.780788177339901	3	2.3423645320197	2.38305724640011
0.874625374625375	0.870140612076096	3	2.61490659877757	2.60023823227077
0.866906474820144	0.708994708994709	3	2.28489589280956	2.27022752630276
0.834663625997719	0.715447154471545	2	2.26555793494081	2.25088956843401
0.880349344978166	0.532608695652174	2	1.94556673628251	1.93089836977571
0.804849884526559	0.774390243902439	2	2.35363037233144	2.33896200582464
0.877112135176651	0.716332378223496	2	2.30977689162364	2.29510852511684
0.884086444007859	0.635635635635636	1	2.15535771527913	2.14068934877233
0.767699115044248	0.69620253164557	3	2.16010417833539	2.14543581182859
0.833746898263027	0.833746898263027	3	2.50124069478908	2.54193340916949
0.882292732855681	0.817541613316261	3	2.5173759594882	2.5027075929814
0.849961028838659	0.849961028838659	3	2.54988308651598	2.59057580089639
0.849961028838659	0.849961028838659	3	2.54988308651598	2.59057580089639
0.864811133200795	0.864811133200795	3	2.59443339960239	2.63512611398279
0.877112135176651	0.741007194244604	3	2.35912652366586	2.34445815715906
0.786026200873362	0.786026200873362	3	2.35807860262009	2.3987713170005
0.786026200873362	0.786026200873362	3	2.35807860262009	2.3987713170005
0.769874476987448	0.683823529411765	3	2.13752153581098	2.12285316930418
0.840978593272171	0.757459095283927	3	2.35589678384002	2.34122841733322
0.78328173374613	0.784541723666211	3	2.35236518107855	2.33769681457175
0.816750983698707	0.694444444444444	2	2.2056398725876	2.1909715060808
0.840978593272171	0.790384615384615	3	2.4217478240414	2.4070794575346
0.820247933884298	0.779816513761468	2	2.37988096140723	2.36521259490043
0.850673194614443	0.850673194614443	3	2.55201958384333	2.59271229822374
0.794471689701293	0.794471689701293	3	2.38341506910388	2.42410778348429
0.859375	0.69558599695586	3	2.25054699391172	2.23587862740492
0.862962962962963	0.551724137931034	2	1.96641123882503	1.95174287231823
0.816750983698707	0.816750983698707	3	2.45025295109612	2.49094566547653
0.859903381642512	0.859903381642512	3	2.57971014492754	2.62040285930794
0.799418604651163	0.755429650613787	2	2.31027790587874	2.29560953937193
0.834663625997719	0.733460257020466	2	2.30158414003865	2.28691577353185
0.816750983698707	0.816750983698707	3	2.45025295109612	2.49094566547653
0.695501730103806	0.695501730103806	3	2.08650519031142	2.12719790469183
