-50	0	0	0	0	0	1e-05	0	0	0	0	0	0	0	1e-05	0	0	0	1e-05	0	0	
-49	0	0	1e-05	0	0	0	0	1e-05	1e-05	1e-05	0	1e-05	0	1e-05	1e-05	0	1e-05	0	1e-05	0	
-48	1e-05	0	0	0	0	0	1e-05	0	1e-05	0	0	1e-05	1e-05	2e-05	0	0	1e-05	1e-05	1e-05	0	
-47	0	0	1e-05	0	1e-05	0	2e-05	1e-05	1e-05	0	2e-05	2e-05	1e-05	1e-05	0	0	2e-05	0	1e-05	1e-05	
-46	3e-05	0	0	0	1e-05	0	1e-05	2e-05	0	2e-05	1e-05	2e-05	0	2e-05	0	1e-05	0	0	1e-05	3e-05	
-45	0	2e-05	3e-05	1e-05	1e-05	1e-05	0	1e-05	1e-05	1e-05	2e-05	1e-05	1e-05	0	1e-05	2e-05	1e-05	2e-05	1e-05	2e-05	
-44	1e-05	1e-05	1e-05	2e-05	2e-05	0	1e-05	0	2e-05	2e-05	0	1e-05	1e-05	3e-05	2e-05	3e-05	1e-05	2e-05	2e-05	1e-05	
-43	0	6e-05	1e-05	1e-05	0	1e-05	0	5e-05	0	2e-05	0	5e-05	3e-05	0	1e-05	2e-05	2e-05	5e-05	2e-05	3e-05	
-42	4e-05	2e-05	0	1e-05	1e-05	1e-05	2e-05	2e-05	0	5e-05	3e-05	1e-05	1e-05	2e-05	2e-05	0	1e-05	1e-05	4e-05	0	
-41	0	2e-05	2e-05	0	3e-05	0	1e-05	1e-05	2e-05	4e-05	6e-05	5e-05	2e-05	2e-05	5e-05	4e-05	3e-05	7e-05	2e-05	7e-05	
-40	3e-05	1e-05	3e-05	3e-05	2e-05	3e-05	2e-05	6e-05	6e-05	1e-05	4e-05	5e-05	4e-05	5e-05	3e-05	4e-05	0	2e-05	6e-05	3e-05	
-39	0	4e-05	2e-05	2e-05	6e-05	5e-05	4e-05	3e-05	4e-05	5e-05	4e-05	8e-05	4e-05	8e-05	4e-05	8e-05	4e-05	7e-05	6e-05	7e-05	
-38	8e-05	3e-05	7e-05	3e-05	9e-05	7e-05	3e-05	2e-05	5e-05	6e-05	2e-05	9e-05	5e-05	8e-05	4e-05	6e-05	6e-05	4e-05	6e-05	9e-05	
-37	0	6e-05	7e-05	6e-05	7e-05	6e-05	6e-05	7e-05	8e-05	8e-05	8e-05	0.00012	9e-05	0.0001	0.00012	8e-05	9e-05	7e-05	8e-05	7e-05	
-36	0.00013	0.0001	0.00011	0.00012	0.00012	0.00011	7e-05	8e-05	0.00016	7e-05	0.00013	8e-05	8e-05	0.0001	0.00015	0.0001	9e-05	0.00016	0.00012	8e-05	
-35	0	0.00015	0.00011	0.0002	0.00016	0.00013	0.00015	0.00012	0.00017	0.00016	0.00012	0.00016	0.00016	0.00012	0.0001	0.00014	8e-05	0.00019	0.00014	0.00011	
-34	0.00026	0.00021	0.00016	0.00013	7e-05	0.00018	0.0001	0.00018	0.00012	0.00019	0.00018	0.00014	0.00021	0.00014	0.00013	7e-05	0.00021	0.00018	0.00015	0.00015	
-33	0	0.00022	0.00025	0.00024	0.00018	0.00023	0.00018	0.00018	0.00015	0.00025	0.00015	0.00018	0.00024	0.00017	0.00012	0.0002	0.00024	0.00022	0.00015	0.00023	
-32	0.00043	0.00015	0.00025	0.00018	0.00028	0.00028	0.00024	0.00017	0.00017	0.00021	0.00019	0.0002	0.00031	0.00018	0.00022	0.00026	0.00019	0.00024	0.0002	0.00022	
-31	0	0.00028	0.00033	0.00033	0.00036	0.00024	0.00029	0.00037	0.00032	0.00026	0.00043	0.00034	0.00032	0.00038	0.00026	0.00023	0.00032	0.00037	0.00022	0.00023	
-30	0.00054	0.0003	0.00033	0.00051	0.00047	0.00036	0.00038	0.00038	0.0004	0.00036	0.00037	0.00044	0.00039	0.00034	0.00036	0.00044	0.00031	0.00032	0.00032	0.00037	
-29	0	0.00034	0.00048	0.00037	0.00033	0.0004	0.0005	0.00032	0.00044	0.00051	0.00043	0.00044	0.0005	0.0005	0.00048	0.00043	0.00047	0.00042	0.00042	0.00038	
-28	0.00105	0.00065	0.00062	0.00064	0.00047	0.00056	0.0006	0.00049	0.00064	0.00062	0.00062	0.00052	0.0006	0.00057	0.00054	0.00043	0.00031	0.00047	0.00041	0.00047	
-27	0	0.00071	0.0007	0.00073	0.00066	0.00087	0.00073	0.00062	0.00075	0.00079	0.00078	0.00072	0.00054	0.00054	0.00067	0.00053	0.00074	0.00061	0.00063	0.00061	
-26	0.00187	0.00093	0.00113	0.00082	0.00073	0.00071	0.00081	0.00074	0.00074	0.00089	0.00086	0.00081	0.00079	0.00077	0.00079	0.00076	0.00075	0.0008	0.0008	0.00076	
-25	0	0.00104	0.00089	0.00105	0.00103	0.00104	0.00101	0.0009	0.00112	0.001	0.00099	0.00094	0.00118	0.00107	0.0008	0.00091	0.00087	0.00089	0.00076	0.00085	
-24	0.00275	0.00144	0.00143	0.00112	0.00134	0.0011	0.00118	0.00123	0.00135	0.00111	0.00144	0.00108	0.00096	0.00098	0.0012	0.00118	0.0012	0.00109	0.00098	0.00106	
-23	0	0.00165	0.00145	0.00151	0.0014	0.00159	0.00143	0.00136	0.00127	0.00127	0.00145	0.00139	0.0015	0.00118	0.0014	0.00117	0.00132	0.00135	0.00134	0.00111	
-22	0.00412	0.00195	0.00173	0.00177	0.00171	0.00193	0.0018	0.00176	0.00176	0.00183	0.00145	0.00156	0.00158	0.0015	0.00141	0.00155	0.00135	0.00129	0.00131	0.00152	
-21	0	0.00204	0.00238	0.00216	0.00244	0.00211	0.00212	0.00209	0.00208	0.00248	0.00193	0.00192	0.00189	0.00198	0.00191	0.00175	0.00167	0.00171	0.0017	0.00163	
-20	0.00556	0.00258	0.0027	0.00269	0.00268	0.00268	0.00256	0.00242	0.00267	0.00241	0.00228	0.00225	0.00195	0.00197	0.00189	0.00204	0.00178	0.00205	0.00172	0.00168	
-19	0	0.00328	0.00331	0.00291	0.00284	0.0028	0.00288	0.00278	0.00246	0.00267	0.00248	0.00269	0.00246	0.0025	0.00234	0.00225	0.00194	0.0022	0.00204	0.00205	
-18	0.00768	0.00396	0.00337	0.00346	0.00341	0.00348	0.00329	0.0031	0.00325	0.00325	0.00318	0.00291	0.00265	0.00279	0.00283	0.00234	0.00241	0.00288	0.00219	0.00227	
-17	0	0.0041	0.00434	0.00427	0.00391	0.00393	0.00391	0.00327	0.00415	0.00359	0.00329	0.00303	0.00319	0.00307	0.00306	0.00332	0.0031	0.00282	0.00265	0.0028	
-16	0.01017	0.00548	0.00521	0.00468	0.00453	0.00501	0.00425	0.0046	0.0043	0.00454	0.00382	0.00405	0.00371	0.00347	0.00337	0.00378	0.00336	0.0036	0.00301	0.00306	
-15	0	0.00521	0.00584	0.00557	0.00565	0.00563	0.00536	0.0048	0.00463	0.005	0.00456	0.00461	0.00454	0.00408	0.00395	0.00397	0.00412	0.00362	0.00341	0.00357	
-14	0.01353	0.00677	0.00639	0.00639	0.00612	0.00581	0.00534	0.00559	0.0052	0.005	0.00513	0.00492	0.00462	0.00443	0.0045	0.00477	0.00444	0.00448	0.00372	0.00391	
-13	0	0.00719	0.00751	0.00676	0.00693	0.00662	0.00638	0.00651	0.00624	0.0057	0.00609	0.0056	0.00532	0.00517	0.00537	0.00479	0.00523	0.00505	0.00477	0.00454	
-12	0.01697	0.00888	0.00854	0.00847	0.00833	0.00827	0.00731	0.00743	0.00688	0.0068	0.00635	0.00665	0.00655	0.00617	0.00562	0.00558	0.00529	0.00558	0.00545	0.00508	
-11	0	0.00913	0.00852	0.0095	0.00835	0.00879	0.00851	0.00813	0.00827	0.0073	0.00732	0.00681	0.00665	0.00675	0.00671	0.00589	0.00622	0.00597	0.00605	0.0054	
-10	0.02236	0.01137	0.0103	0.01036	0.00991	0.00977	0.00879	0.00905	0.00889	0.00834	0.0081	0.00776	0.00798	0.0077	0.00715	0.00706	0.00705	0.00673	0.00651	0.00617	
-9	0	0.01192	0.01079	0.01125	0.0105	0.01107	0.0099	0.00974	0.00932	0.00952	0.0089	0.00883	0.00859	0.00855	0.00786	0.00846	0.00817	0.00798	0.00804	0.00682	
-8	0.02804	0.01386	0.01254	0.01239	0.01222	0.01181	0.01191	0.01149	0.01112	0.01069	0.01077	0.01	0.00956	0.00892	0.00882	0.00877	0.00811	0.00866	0.00771	0.00803	
-7	0	0.01388	0.01432	0.01336	0.01308	0.01286	0.01285	0.01205	0.01141	0.01178	0.01127	0.0109	0.01049	0.01022	0.00978	0.00961	0.00889	0.00927	0.00913	0.00827	
-6	0.03404	0.01754	0.01597	0.01476	0.01441	0.01366	0.01397	0.01358	0.01283	0.01255	0.01185	0.01111	0.01157	0.01137	0.0108	0.01035	0.01077	0.00967	0.00948	0.00981	
-5	0	0.01663	0.01635	0.0166	0.01639	0.0146	0.01435	0.01426	0.01488	0.01393	0.01299	0.01237	0.0129	0.01253	0.0114	0.01157	0.01141	0.01055	0.01069	0.01071	
-4	0.03916	0.02075	0.01856	0.01784	0.0175	0.01735	0.01578	0.01603	0.01464	0.01512	0.01425	0.0139	0.01429	0.01321	0.01304	0.01228	0.01184	0.01114	0.01165	0.0112	
-3	0	0.01923	0.02044	0.01934	0.01876	0.01811	0.01772	0.01723	0.01692	0.01624	0.01622	0.01538	0.01526	0.01442	0.01323	0.01403	0.01299	0.01244	0.01273	0.01175	
-2	0.04539	0.02211	0.02136	0.0214	0.01987	0.01917	0.01934	0.01818	0.01733	0.0172	0.01623	0.01672	0.01578	0.01534	0.01429	0.01484	0.01436	0.01372	0.01312	0.01247	
-1	0	0.02236	0.02189	0.02221	0.02177	0.02055	0.01945	0.01884	0.0198	0.01874	0.01794	0.017	0.01636	0.0167	0.01616	0.01525	0.01455	0.01487	0.01458	0.01358	
0	0.0506	0.02621	0.02376	0.023	0.0225	0.02156	0.0211	0.02063	0.01954	0.02021	0.01952	0.01854	0.01792	0.0182	0.01694	0.01649	0.01593	0.0158	0.01581	0.0152	
1	0	0.024	0.02461	0.02396	0.02349	0.0224	0.02243	0.02251	0.02115	0.02027	0.02059	0.01946	0.01848	0.01806	0.01872	0.01736	0.01695	0.0174	0.01653	0.01566	
2	0.05403	0.02798	0.02586	0.02601	0.02496	0.02371	0.02328	0.02215	0.02217	0.02166	0.02098	0.02126	0.02036	0.01986	0.01957	0.01873	0.01806	0.01815	0.01748	0.01683	
3	0	0.0266	0.02728	0.0263	0.02615	0.02428	0.0242	0.0246	0.02336	0.02309	0.02192	0.02198	0.02121	0.02072	0.02008	0.01937	0.01994	0.0187	0.018	0.01862	
4	0.05909	0.03036	0.02904	0.02804	0.02599	0.02579	0.02599	0.02522	0.02478	0.02405	0.02256	0.02243	0.02186	0.02284	0.02112	0.0211	0.01998	0.02053	0.01945	0.01894	
5	0	0.02842	0.02835	0.02747	0.02888	0.02647	0.02643	0.02591	0.02501	0.02494	0.02361	0.02271	0.02222	0.02264	0.02197	0.02137	0.02088	0.02037	0.01972	0.01895	
6	0.06069	0.03145	0.02989	0.02877	0.02719	0.02863	0.02741	0.02771	0.02567	0.02517	0.02463	0.02458	0.02373	0.02256	0.02234	0.0229	0.0225	0.02177	0.02	0.02055	
7	0	0.02879	0.03019	0.02894	0.02801	0.02759	0.02695	0.02674	0.02702	0.02641	0.0258	0.02603	0.02443	0.02336	0.02364	0.02291	0.02271	0.02277	0.0213	0.0218	
8	0.06151	0.03121	0.03101	0.0286	0.02862	0.02926	0.02852	0.0283	0.02719	0.02707	0.02665	0.02579	0.02523	0.02496	0.02382	0.02413	0.02378	0.02249	0.0222	0.02189	
9	0	0.02906	0.0292	0.02939	0.02871	0.0285	0.02942	0.02823	0.02907	0.0272	0.02614	0.02601	0.0262	0.02555	0.02564	0.02375	0.02445	0.0236	0.02312	0.02257	
10	0.06056	0.03216	0.03036	0.03086	0.02934	0.03108	0.03005	0.02823	0.02812	0.02683	0.02757	0.02656	0.02672	0.0259	0.02585	0.02527	0.02479	0.02337	0.02377	0.023	
11	0	0.02828	0.02942	0.02913	0.03034	0.0289	0.02869	0.02859	0.02732	0.02777	0.02828	0.02655	0.0258	0.02642	0.02602	0.0249	0.02521	0.02528	0.02439	0.02376	
12	0.06017	0.03143	0.03025	0.03005	0.02961	0.02961	0.02953	0.02872	0.02801	0.02737	0.02741	0.02813	0.02719	0.02669	0.02652	0.02472	0.02547	0.02498	0.02459	0.02467	
13	0	0.02704	0.02931	0.02853	0.02787	0.02873	0.02862	0.02862	0.02765	0.02708	0.02692	0.02795	0.02703	0.02738	0.02672	0.02687	0.0261	0.02514	0.02582	0.02499	
14	0.05693	0.03001	0.02882	0.02817	0.0297	0.02861	0.0282	0.02831	0.02741	0.02813	0.02726	0.02682	0.02801	0.02661	0.02683	0.02573	0.02634	0.02522	0.02499	0.02514	
15	0	0.02584	0.02691	0.0275	0.02697	0.02738	0.02638	0.0269	0.02697	0.02708	0.02839	0.02691	0.02651	0.02618	0.02664	0.02637	0.02605	0.02579	0.02578	0.02463	
16	0.05152	0.02828	0.02653	0.02695	0.0277	0.02603	0.02667	0.02686	0.02621	0.028	0.02584	0.02631	0.02686	0.0253	0.02681	0.02683	0.02551	0.02591	0.02613	0.02516	
17	0	0.02354	0.02505	0.02634	0.02631	0.02599	0.02492	0.02635	0.02586	0.02632	0.02631	0.02568	0.02573	0.02549	0.02519	0.02576	0.02515	0.02574	0.02572	0.02562	
18	0.0472	0.0246	0.02425	0.02429	0.02483	0.02401	0.02489	0.02548	0.02555	0.02563	0.02525	0.02577	0.02565	0.02584	0.0261	0.02483	0.02514	0.02393	0.02626	0.02549	
19	0	0.0207	0.02263	0.02347	0.02386	0.0234	0.02431	0.0238	0.02555	0.02457	0.02451	0.0258	0.0241	0.02509	0.02451	0.02503	0.0253	0.02527	0.02471	0.02439	
20	0.04131	0.02229	0.02175	0.02235	0.023	0.02316	0.02313	0.02421	0.02398	0.024	0.02488	0.02402	0.02453	0.02447	0.02526	0.0254	0.02514	0.02502	0.02521	0.02477	
21	0	0.01811	0.02013	0.02117	0.02107	0.0207	0.02189	0.02249	0.02301	0.02268	0.0229	0.02365	0.02403	0.02419	0.02382	0.02459	0.02394	0.02424	0.0245	0.02462	
22	0.03497	0.01949	0.0186	0.0201	0.01927	0.0207	0.02122	0.02121	0.022	0.0214	0.02201	0.02235	0.02328	0.02267	0.0231	0.02374	0.02363	0.02406	0.02379	0.02527	
23	0	0.0165	0.01798	0.01804	0.01813	0.01923	0.02006	0.0199	0.02076	0.02231	0.02133	0.02121	0.02162	0.02259	0.02274	0.02216	0.02281	0.02335	0.0237	0.02301	
24	0.03	0.01593	0.01619	0.0171	0.01734	0.0186	0.01804	0.01736	0.01931	0.01942	0.02049	0.02059	0.0207	0.02052	0.0213	0.02124	0.02103	0.02158	0.02157	0.02328	
25	0	0.01311	0.01526	0.014	0.01639	0.01653	0.01708	0.0183	0.01795	0.0185	0.01901	0.01936	0.01902	0.01962	0.02106	0.02072	0.02124	0.02178	0.02157	0.02176	
26	0.02355	0.01338	0.01337	0.01343	0.01416	0.01533	0.01632	0.01639	0.01688	0.01698	0.01806	0.01861	0.01958	0.01936	0.01956	0.02023	0.01962	0.02012	0.02035	0.02118	
27	0	0.01087	0.01241	0.01259	0.01346	0.01442	0.01495	0.0148	0.01553	0.016	0.01664	0.01743	0.01771	0.01825	0.01901	0.01905	0.01962	0.01922	0.0202	0.01964	
28	0.0192	0.01079	0.01076	0.01132	0.01242	0.01318	0.01358	0.01392	0.01449	0.01472	0.01583	0.01567	0.01661	0.01665	0.01685	0.01752	0.01793	0.01743	0.0195	0.01911	
29	0	0.00932	0.00985	0.01029	0.0105	0.0122	0.01257	0.01186	0.0129	0.01426	0.0144	0.01539	0.01573	0.0163	0.01595	0.01664	0.01697	0.01754	0.01779	0.01852	
30	0.01506	0.00833	0.00881	0.00922	0.00956	0.01132	0.011	0.01084	0.012	0.01217	0.01306	0.01348	0.01463	0.01471	0.01561	0.01632	0.01635	0.0172	0.01654	0.01664	
31	0	0.00686	0.00771	0.0083	0.00848	0.009	0.00986	0.01088	0.01146	0.01181	0.01234	0.01306	0.01303	0.01387	0.01426	0.01418	0.01511	0.01479	0.01609	0.0167	
32	0.01156	0.00645	0.00651	0.0074	0.00787	0.00755	0.00851	0.00988	0.00975	0.01072	0.01086	0.01164	0.01183	0.01231	0.01289	0.01302	0.01328	0.01433	0.01496	0.01436	
33	0	0.00519	0.00556	0.00604	0.00697	0.00686	0.00853	0.00822	0.00958	0.00907	0.01015	0.01036	0.0116	0.01166	0.0119	0.01321	0.01284	0.01366	0.01356	0.01513	
34	0.0088	0.00531	0.00505	0.00597	0.00622	0.00617	0.00675	0.00778	0.00748	0.00825	0.00879	0.0095	0.01045	0.01121	0.01142	0.01188	0.01218	0.01318	0.0132	0.01358	
35	0	0.00412	0.0041	0.00464	0.00514	0.00568	0.00641	0.00713	0.00709	0.0072	0.00844	0.00874	0.00935	0.01022	0.00986	0.01082	0.01095	0.0118	0.01211	0.01282	
36	0.0065	0.00362	0.00367	0.0043	0.00491	0.00537	0.00545	0.006	0.0067	0.00611	0.00674	0.0074	0.00782	0.00904	0.00941	0.00987	0.01027	0.01029	0.01101	0.01156	
37	0	0.00262	0.00336	0.00355	0.00411	0.00439	0.0047	0.00534	0.00578	0.00615	0.00728	0.00663	0.00727	0.00819	0.00869	0.00872	0.00921	0.00956	0.0098	0.01049	
38	0.0045	0.00268	0.00276	0.00332	0.00351	0.00384	0.00412	0.00425	0.00416	0.00523	0.0058	0.00651	0.0067	0.00705	0.00724	0.00772	0.0086	0.00859	0.00967	0.00945	
39	0	0.00184	0.00252	0.00252	0.00292	0.00329	0.00377	0.00384	0.00442	0.0051	0.00512	0.00588	0.0059	0.00614	0.00703	0.00699	0.00774	0.00819	0.00805	0.00849	
40	0.00317	0.00163	0.0017	0.00221	0.00254	0.00266	0.00313	0.0032	0.00368	0.00395	0.00453	0.00457	0.00505	0.00571	0.006	0.00637	0.00704	0.00698	0.00744	0.00802	
41	0	0.00104	0.00163	0.0016	0.00182	0.00251	0.00283	0.00308	0.00318	0.00338	0.00416	0.00446	0.00496	0.005	0.00536	0.0059	0.00611	0.00619	0.00683	0.00691	
42	0.0016	0.00129	0.00141	0.00159	0.0018	0.00206	0.00201	0.00234	0.00301	0.00311	0.00363	0.00398	0.00433	0.0044	0.00496	0.00476	0.0058	0.00561	0.0063	0.0071	
43	0	0.0008	0.00112	0.00143	0.00154	0.00182	0.00191	0.00226	0.00234	0.00274	0.00317	0.0033	0.00365	0.00359	0.00407	0.00459	0.00462	0.00529	0.00519	0.00553	
44	0.00114	0.00098	0.00093	0.00112	0.00135	0.00115	0.0015	0.00179	0.00187	0.00227	0.00258	0.00287	0.00292	0.00358	0.00367	0.00411	0.00419	0.00459	0.00503	0.00508	
45	0	0.00057	0.00071	0.00103	0.00109	0.00122	0.0014	0.00165	0.00178	0.00184	0.00216	0.00277	0.00244	0.0029	0.00287	0.00348	0.004	0.00414	0.00438	0.00474	
46	0.00093	0.00046	0.00061	0.00064	0.0009	0.00096	0.0013	0.00133	0.00145	0.00146	0.00178	0.00196	0.0023	0.00251	0.00279	0.00332	0.00346	0.00332	0.00364	0.00403	
47	0	0.00037	0.00043	0.00057	0.00066	0.00093	0.00085	0.00104	0.00128	0.00137	0.00143	0.00196	0.00192	0.00219	0.00211	0.00275	0.00291	0.00304	0.0033	0.00385	
48	0.00048	0.00035	0.00046	0.00049	0.00045	0.00058	0.00075	0.00077	0.0011	0.00117	0.00129	0.0015	0.0017	0.00187	0.00221	0.0024	0.00257	0.00283	0.00293	0.00338	
49	0	0.00035	0.0002	0.00034	0.00049	0.00046	0.00051	0.00069	0.00083	0.00096	0.00111	0.00127	0.00147	0.00179	0.00163	0.00181	0.0023	0.00233	0.00259	0.00274	
50	0.00033	0.00016	0.00022	0.00026	0.00033	0.00044	0.00051	0.00058	0.0007	0.00078	0.00095	0.00096	0.00119	0.00115	0.00124	0.00165	0.002	0.00209	0.00253	0.00238	
