0 1.0
1 0.16626
2 0.19219
3 0.22863
4 0.26764
5 0.30827
6 0.35903
7 0.25356
8 0.26732
9 0.28135
10 0.28854
11 0.29277
12 0.28838
13 0.28078
14 0.28438
15 0.28411
16 0.2865
17 0.28606
18 0.28441
19 0.2862
20 0.28611
21 0.28533
22 0.28549
23 0.28567
24 0.28504
25 0.28493
26 0.28731
27 0.28683
28 0.28773
29 0.28317
30 0.28703
31 0.2859
32 0.28389
33 0.28579
34 0.28496
35 0.28563
36 0.28488
37 0.28663
38 0.28536
39 0.28403
40 0.28283
41 0.28581
42 0.28785
43 0.28803
44 0.28422
45 0.28549
46 0.28556
47 0.28643
48 0.28426
49 0.28408
50 0.28884
51 0.28429
52 0.28437
53 0.28754
54 0.28592
55 0.28544
56 0.28751
57 0.28543
58 0.28698
59 0.28445
60 0.28473
61 0.28713
62 0.28584
63 0.28495
64 0.28588
65 0.2867
66 0.28649
67 0.28521
68 0.28444
69 0.28642
70 0.2862
71 0.2859
72 0.28782
73 0.28493
74 0.28535
75 0.28822
76 0.2853
77 0.2842
78 0.28562
79 0.2851
80 0.28833
81 0.28431
82 0.28523
83 0.28543
84 0.28521
85 0.28439
86 0.28536
87 0.28572
88 0.28573
89 0.28572
90 0.2861
91 0.28572
92 0.2867
93 0.28531
94 0.28669
95 0.28547
96 0.28553
97 0.28628
98 0.28555
99 0.28481
100 0.28532
101 0.28421
102 0.28819
103 0.28275
104 0.28631
105 0.28642
106 0.28492
107 0.28675
108 0.28416
109 0.28538
110 0.28574
111 0.28346
112 0.28374
113 0.28537
114 0.28527
115 0.28621
116 0.28497
117 0.28452
118 0.28752
119 0.28676
120 0.28595
121 0.2863
122 0.28567
123 0.28586
124 0.28746
125 0.28625
126 0.28633
127 0.28546
128 0.28437
129 0.28576
130 0.28432
131 0.28577
132 0.28775
133 0.28472
134 0.28807
135 0.28452
136 0.28736
137 0.2868
138 0.28349
139 0.28807
140 0.28366
141 0.28596
142 0.28756
143 0.28539
144 0.28575
145 0.28552
146 0.28774
147 0.28421
148 0.28529
149 0.28599
150 0.28799
151 0.28665
152 0.28528
153 0.28401
154 0.28392
155 0.28547
156 0.28672
157 0.28962
158 0.28614
159 0.28443
160 0.28479
161 0.28417
162 0.28809
163 0.28593
164 0.28429
165 0.28534
166 0.28577
167 0.28599
168 0.28446
169 0.28458
170 0.28559
171 0.28551
172 0.28875
173 0.28477
174 0.28688
175 0.28648
176 0.28573
177 0.28527
178 0.28701
179 0.28609
180 0.28492
181 0.28593
182 0.28407
183 0.28653
184 0.28449
185 0.28423
186 0.28521
187 0.28639
188 0.28399
189 0.28382
190 0.28579
191 0.28728
192 0.28591
193 0.28678
194 0.28446
195 0.28554
196 0.28643
197 0.28467
198 0.28593
199 0.28565
200 0.28266
201 0.2851
202 0.28661
203 0.28574
204 0.284
205 0.28724
206 0.28482
207 0.28512
208 0.28686
209 0.28505
210 0.28548
211 0.28897
212 0.28304
213 0.2865
214 0.2854
215 0.28645
216 0.28502
217 0.28694
218 0.28616
219 0.28414
220 0.28631
221 0.28496
222 0.28513
223 0.28549
224 0.28393
225 0.28556
226 0.28504
227 0.2838
228 0.28704
229 0.28644
230 0.28549
231 0.28607
232 0.28588
233 0.28579
234 0.28526
235 0.28264
236 0.28858
237 0.286
238 0.28363
239 0.28418
240 0.28558
241 0.28705
242 0.28733
243 0.28527
244 0.28517
245 0.2848
246 0.28579
247 0.28543
248 0.28572
249 0.28675
250 0.28605
251 0.28389
252 0.28641
253 0.28688
254 0.28487
255 0.28462
256 0.28554
257 0.2864
258 0.28449
259 0.2841
260 0.28671
261 0.28621
262 0.28633
263 0.28437
264 0.28436
265 0.28815
266 0.28481
267 0.2865
268 0.28684
269 0.28462
270 0.28613
271 0.28621
272 0.28771
273 0.28436
274 0.28403
275 0.28512
276 0.28626
277 0.28538
278 0.2841
279 0.28594
280 0.28731
281 0.28615
282 0.28629
283 0.28473
284 0.28474
285 0.2895
286 0.28512
287 0.28502
288 0.28514
289 0.28534
290 0.28467
291 0.28694
292 0.28406
293 0.2869
294 0.28589
295 0.2888
296 0.28538
297 0.2832
298 0.28415
299 0.28833
300 0.28449
301 0.28784
302 0.28304
303 0.28399
304 0.28669
305 0.28727
306 0.28355
307 0.2852
308 0.28629
309 0.2855
310 0.28758
311 0.28499
312 0.28394
313 0.28799
314 0.2859
315 0.28575
316 0.28655
317 0.28327
318 0.28523
319 0.28613
320 0.28607
321 0.28599
322 0.28547
323 0.28504
324 0.28614
325 0.28423
326 0.2868
327 0.28527
328 0.28605
329 0.28554
330 0.2858
331 0.28508
332 0.28669
333 0.28475
334 0.28744
335 0.28506
336 0.28334
337 0.28471
338 0.28579
339 0.28632
340 0.28598
341 0.28267
342 0.28557
343 0.28749
344 0.28284
345 0.28532
346 0.28782
347 0.28388
348 0.28478
349 0.28449
350 0.28389
351 0.28592
352 0.28895
353 0.2841
354 0.28634
355 0.28237
356 0.28668
357 0.28599
358 0.28646
359 0.28589
360 0.2862
361 0.28374
362 0.28742
363 0.28546
364 0.28457
365 0.28547
366 0.28835
367 0.28439
368 0.28362
369 0.28696
370 0.28474
371 0.2863
372 0.28696
373 0.28661
374 0.28832
375 0.28527
376 0.2839
377 0.28685
378 0.28443
379 0.28635
380 0.28512
381 0.28683
382 0.28474
383 0.28456
384 0.28513
385 0.28866
386 0.28515
387 0.28798
388 0.28347
389 0.28654
390 0.28385
391 0.28469
392 0.2849
393 0.2875
394 0.28619
395 0.28547
396 0.28346
397 0.28814
398 0.28679
399 0.28626
400 0.2838
401 0.28696
402 0.28512
403 0.28415
404 0.28433
405 0.28653
406 0.28765
407 0.28655
408 0.28471
409 0.28539
410 0.2845
411 0.28356
412 0.28915
413 0.28603
414 0.28315
415 0.28422
416 0.28556
417 0.28374
418 0.2879
419 0.28457
420 0.28594
421 0.28516
422 0.28684
423 0.28654
424 0.28572
425 0.28546
426 0.28577
427 0.28492
428 0.2853
429 0.28816
430 0.28576
431 0.28559
432 0.28523
433 0.28756
434 0.28436
435 0.28494
436 0.28353
437 0.28623
438 0.28715
439 0.28479
440 0.28514
441 0.28407
442 0.28439
443 0.28556
444 0.28519
445 0.28502
446 0.28623
447 0.28595
448 0.28454
449 0.28534
450 0.28673
451 0.28479
452 0.28631
453 0.28394
454 0.28406
455 0.287
456 0.2862
457 0.28402
458 0.28874
459 0.28321
460 0.28308
461 0.28576
462 0.28546
463 0.28611
464 0.2852
465 0.28667
466 0.28563
467 0.28566
468 0.28672
469 0.2845
470 0.2855
471 0.285
472 0.28565
473 0.28664
474 0.28814
475 0.2845
476 0.28194
477 0.28339
478 0.28649
479 0.28701
480 0.2874
481 0.28659
482 0.28586
483 0.28322
484 0.28722
485 0.28691
486 0.2876
487 0.28364
488 0.28528
489 0.28628
490 0.28362
491 0.2852
492 0.2868
493 0.28423
494 0.2873
495 0.28529
496 0.28711
497 0.28742
498 0.28428
499 0.28371
500 0.28856
501 0.28463
502 0.2848
503 0.28768
504 0.28409
505 0.28577
506 0.2818
507 0.28646
508 0.28755
509 0.28766
510 0.2865
511 0.2848
512 0.2859
513 0.28552
514 0.28548
515 0.28607
516 0.28691
517 0.28417
518 0.28382
519 0.28564
520 0.28659
521 0.28762
522 0.28448
523 0.28515
524 0.2874
525 0.28616
526 0.28639
527 0.2837
528 0.28643
529 0.28554
530 0.28603
531 0.28459
532 0.28721
533 0.28611
534 0.28495
535 0.28504
536 0.28817
537 0.28447
538 0.28348
539 0.28762
540 0.28537
541 0.28625
542 0.28829
543 0.28543
544 0.28475
545 0.28432
546 0.28587
547 0.28663
548 0.28608
549 0.28505
550 0.28648
551 0.2855
552 0.28548
553 0.28418
554 0.28616
555 0.28671
556 0.28858
557 0.28699
558 0.28642
559 0.28373
560 0.28562
561 0.28695
562 0.2868
563 0.28382
564 0.28456
565 0.28658
566 0.28609
567 0.28686
568 0.28397
569 0.28512
570 0.28665
571 0.28512
572 0.28712
573 0.28654
574 0.28707
575 0.28427
576 0.2848
577 0.28853
578 0.28663
579 0.28562
580 0.2847
581 0.28547
582 0.28366
583 0.28423
584 0.28636
585 0.28655
586 0.28517
587 0.28603
588 0.28471
589 0.28943
590 0.28525
591 0.28324
592 0.2863
593 0.28703
594 0.28639
595 0.28823
596 0.28332
597 0.28716
598 0.28558
599 0.28621
600 0.2855
601 0.28988
602 0.28488
603 0.28707
604 0.28778
605 0.28284
606 0.28673
607 0.28768
608 0.2859
609 0.28743
610 0.28378
611 0.28542
612 0.2872
613 0.28909
614 0.28313
615 0.28406
616 0.28405
617 0.28641
618 0.28615
619 0.28569
620 0.2853
621 0.28819
622 0.28486
623 0.28326
624 0.28683
625 0.28547
626 0.28565
627 0.28526
628 0.28738
629 0.28432
630 0.28638
631 0.2846
632 0.2874
633 0.28281
634 0.28707
635 0.28516
636 0.28667
637 0.28649
638 0.28355
639 0.28581
640 0.28649
641 0.28361
642 0.28476
643 0.28798
644 0.28563
645 0.28382
646 0.28476
647 0.28621
648 0.28737
649 0.28858
650 0.28626
651 0.28522
652 0.28499
653 0.28493
654 0.2863
655 0.28628
656 0.28448
657 0.28617
658 0.28472
659 0.28348
660 0.28558
661 0.28677
662 0.28705
663 0.28619
664 0.28367
665 0.28298
666 0.28769
667 0.28884
668 0.28475
669 0.28512
670 0.28293
671 0.28684
672 0.28505
673 0.28364
674 0.28543
675 0.28842
676 0.28446
677 0.28488
678 0.28762
679 0.28591
680 0.28606
681 0.28649
682 0.28455
683 0.28401
684 0.2867
685 0.28469
686 0.28635
687 0.28633
688 0.28573
689 0.28648
690 0.28533
691 0.286
692 0.28651
693 0.28646
694 0.28671
695 0.28555
696 0.28475
697 0.28647
698 0.28477
699 0.28559
700 0.28457
701 0.28469
702 0.28542
703 0.28811
704 0.2871
705 0.28737
706 0.28269
707 0.2878
708 0.28568
709 0.28631
710 0.28373
711 0.28957
712 0.28814
713 0.28522
714 0.2855
715 0.28704
716 0.28696
717 0.28426
718 0.28522
719 0.2867
720 0.28692
721 0.28567
722 0.28359
723 0.28557
724 0.28744
725 0.28376
726 0.28698
727 0.28534
728 0.2859
729 0.28715
730 0.28639
731 0.28589
732 0.2852
733 0.28504
734 0.28471
735 0.28405
736 0.28701
737 0.28515
738 0.2862
739 0.2864
740 0.28462
741 0.28301
742 0.28584
743 0.28768
744 0.28626
745 0.28646
746 0.28702
747 0.28379
748 0.28766
749 0.28339
750 0.28574
751 0.28436
752 0.28591
753 0.28376
754 0.28436
755 0.28681
756 0.28611
757 0.28853
758 0.28633
759 0.28513
760 0.28688
761 0.28618
762 0.28477
763 0.28432
764 0.28522
765 0.28442
766 0.28557
767 0.28667
768 0.28927
769 0.28562
770 0.28517
771 0.28419
772 0.28548
773 0.28645
774 0.28708
775 0.28662
776 0.28708
777 0.2852
778 0.28719
779 0.28653
780 0.2866
781 0.28289
782 0.2857
783 0.28608
784 0.28533
785 0.28594
786 0.28454
787 0.28493
788 0.2855
789 0.28591
790 0.28479
791 0.28625
792 0.28449
793 0.28605
794 0.28674
795 0.28565
796 0.2859
797 0.28727
798 0.28558
799 0.28635
800 0.28552
801 0.28479
802 0.28593
803 0.28729
804 0.2857
805 0.28609
806 0.28509
807 0.28672
808 0.28449
809 0.2875
810 0.28485
811 0.28299
812 0.28825
813 0.28539
814 0.28742
815 0.28299
816 0.28533
817 0.2852
818 0.28702
819 0.28573
820 0.28525
821 0.28746
822 0.28535
823 0.28435
824 0.2854
825 0.28706
826 0.28623
827 0.28544
828 0.28432
829 0.28729
830 0.28548
831 0.28464
832 0.28421
833 0.28577
834 0.28528
835 0.28522
836 0.28574
837 0.28423
838 0.28613
839 0.28512
840 0.28555
841 0.28599
842 0.28555
843 0.28628
844 0.288
845 0.28376
846 0.28456
847 0.28567
848 0.28718
849 0.28536
850 0.28692
851 0.28643
852 0.28582
853 0.28497
854 0.28539
855 0.28636
856 0.28856
857 0.28559
858 0.28656
859 0.28499
860 0.28608
861 0.28343
862 0.28577
863 0.28552
864 0.28635
865 0.28693
866 0.28349
867 0.28488
868 0.28545
869 0.28548
870 0.28592
871 0.28689
872 0.28668
873 0.28697
874 0.28487
875 0.28508
876 0.28432
877 0.28392
878 0.28519
879 0.28761
880 0.28447
881 0.28751
882 0.28318
883 0.28537
884 0.28615
885 0.28691
886 0.28545
887 0.28531
888 0.2858
889 0.28837
890 0.28618
891 0.28611
892 0.28415
893 0.28626
894 0.28686
895 0.28455
896 0.28474
897 0.28638
898 0.28866
899 0.28351
900 0.28516
901 0.28466
902 0.28733
903 0.284
904 0.28538
905 0.28759
906 0.28375
907 0.28894
908 0.28366
909 0.28575
910 0.28514
911 0.2867
912 0.28223
913 0.28542
914 0.28746
915 0.28498
916 0.28669
917 0.28476
918 0.2825
919 0.28539
920 0.28774
921 0.28555
922 0.28615
923 0.28346
924 0.28453
925 0.28481
926 0.28572
927 0.28801
928 0.28588
929 0.28547
930 0.28608
931 0.28487
932 0.28732
933 0.28788
934 0.28287
935 0.28713
936 0.28531
937 0.28178
938 0.28679
939 0.28969
940 0.2864
941 0.28529
942 0.28299
943 0.28531
944 0.28737
945 0.28526
946 0.28439
947 0.28593
948 0.28631
949 0.28887
950 0.28635
951 0.28408
952 0.28638
953 0.28329
954 0.28705
955 0.28766
956 0.2869
957 0.2844
958 0.2861
959 0.28759
960 0.28789
961 0.28676
962 0.28477
963 0.28551
964 0.28631
965 0.2852
966 0.28459
967 0.28513
968 0.28621
969 0.28878
970 0.28573
971 0.28683
972 0.28392
973 0.28628
974 0.28512
975 0.28658
976 0.2859
977 0.2882
978 0.28307
979 0.28493
980 0.28657
981 0.28738
982 0.28641
983 0.28514
984 0.28342
985 0.28583
986 0.28808
987 0.28705
988 0.28571
989 0.28265
990 0.28412
991 0.28833
992 0.28722
993 0.28383
994 0.28397
995 0.28481
996 0.28514
997 0.28786
998 0.28675
999 0.28459
1000 0.28283
