0	0		0	118
0	0.05		0	0
0	0.1		0	6
0	0.15		1	10
0	0.2		3	21
0	0.25		3	52
0	0.3		5	45
0	0.35		1	7
0	0.4		11	34
0	0.45		1	1
0	0.5		3	79
0	0.55		7	13
0	0.6		4	3
0	0.65		0	39
0	0.7		0	5
0	0.75		0	12
0	0.8		0	5
0	0.85		0	2
0	0.9		0	0
0	0.95		0	0
0	1		0	20
0.05	0		0	0
0.05	0.05		0	0
0.05	0.1		0	0
0.05	0.15		0	0
0.05	0.2		0	0
0.05	0.25		2	0
0.05	0.3		1	0
0.05	0.35		2	0
0.05	0.4		2	0
0.05	0.45		0	0
0.05	0.5		0	0
0.05	0.55		2	0
0.05	0.6		2	0
0.05	0.65		0	0
0.05	0.7		0	0
0.05	0.75		0	0
0.05	0.8		0	0
0.05	0.85		0	0
0.05	0.9		0	0
0.05	0.95		0	0
0.05	1		0	0
0.1	0		0	9
0.1	0.05		0	0
0.1	0.1		0	0
0.1	0.15		0	1
0.1	0.2		0	2
0.1	0.25		8	5
0.1	0.3		6	3
0.1	0.35		9	0
0.1	0.4		6	2
0.1	0.45		0	0
0.1	0.5		2	11
0.1	0.55		3	2
0.1	0.6		1	0
0.1	0.65		0	3
0.1	0.7		0	0
0.1	0.75		0	0
0.1	0.8		2	1
0.1	0.85		0	0
0.1	0.9		0	0
0.1	0.95		0	0
0.1	1		0	3
0.15	0		3	4
0.15	0.05		0	0
0.15	0.1		0	0
0.15	0.15		1	2
0.15	0.2		1	1
0.15	0.25		4	2
0.15	0.3		1	4
0.15	0.35		4	0
0.15	0.4		5	5
0.15	0.45		6	0
0.15	0.5		5	5
0.15	0.55		2	3
0.15	0.6		0	0
0.15	0.65		0	3
0.15	0.7		0	0
0.15	0.75		0	1
0.15	0.8		0	0
0.15	0.85		0	0
0.15	0.9		0	0
0.15	0.95		0	0
0.15	1		0	2
0.2	0		5	35
0.2	0.05		0	0
0.2	0.1		1	4
0.2	0.15		0	3
0.2	0.2		5	10
0.2	0.25		3	9
0.2	0.3		5	9
0.2	0.35		14	4
0.2	0.4		13	11
0.2	0.45		5	0
0.2	0.5		10	18
0.2	0.55		8	7
0.2	0.6		3	0
0.2	0.65		1	1
0.2	0.7		0	0
0.2	0.75		0	3
0.2	0.8		0	0
0.2	0.85		0	0
0.2	0.9		0	0
0.2	0.95		0	0
0.2	1		0	3
0.25	0		6	47
0.25	0.05		0	0
0.25	0.1		2	0
0.25	0.15		6	12
0.25	0.2		5	8
0.25	0.25		14	18
0.25	0.3		24	17
0.25	0.35		24	6
0.25	0.4		25	22
0.25	0.45		16	3
0.25	0.5		37	18
0.25	0.55		18	14
0.25	0.6		8	2
0.25	0.65		2	4
0.25	0.7		0	4
0.25	0.75		0	2
0.25	0.8		2	5
0.25	0.85		0	0
0.25	0.9		0	0
0.25	0.95		0	0
0.25	1		2	5
0.3	0		3	58
0.3	0.05		2	0
0.3	0.1		4	4
0.3	0.15		4	6
0.3	0.2		13	7
0.3	0.25		22	21
0.3	0.3		8	23
0.3	0.35		8	5
0.3	0.4		30	19
0.3	0.45		12	1
0.3	0.5		31	35
0.3	0.55		17	16
0.3	0.6		5	0
0.3	0.65		11	15
0.3	0.7		2	1
0.3	0.75		3	7
0.3	0.8		1	1
0.3	0.85		2	0
0.3	0.9		0	0
0.3	0.95		0	0
0.3	1		0	17
0.35	0		4	3
0.35	0.05		1	0
0.35	0.1		3	0
0.35	0.15		2	0
0.35	0.2		7	0
0.35	0.25		18	3
0.35	0.3		21	2
0.35	0.35		18	0
0.35	0.4		19	2
0.35	0.45		10	0
0.35	0.5		38	2
0.35	0.55		23	0
0.35	0.6		5	0
0.35	0.65		5	2
0.35	0.7		2	2
0.35	0.75		3	0
0.35	0.8		0	0
0.35	0.85		1	0
0.35	0.9		0	0
0.35	0.95		0	0
0.35	1		0	1
0.4	0		9	33
0.4	0.05		0	2
0.4	0.1		3	0
0.4	0.15		9	2
0.4	0.2		14	6
0.4	0.25		35	6
0.4	0.3		28	9
0.4	0.35		20	4
0.4	0.4		53	8
0.4	0.45		20	0
0.4	0.5		37	16
0.4	0.55		27	8
0.4	0.6		15	0
0.4	0.65		18	8
0.4	0.7		0	1
0.4	0.75		4	5
0.4	0.8		0	2
0.4	0.85		3	0
0.4	0.9		0	0
0.4	0.95		0	0
0.4	1		1	1
0.45	0		2	1
0.45	0.05		1	0
0.45	0.1		0	0
0.45	0.15		7	0
0.45	0.2		9	0
0.45	0.25		17	0
0.45	0.3		11	1
0.45	0.35		17	2
0.45	0.4		29	0
0.45	0.45		5	0
0.45	0.5		22	0
0.45	0.55		13	0
0.45	0.6		5	0
0.45	0.65		7	3
0.45	0.7		5	0
0.45	0.75		0	0
0.45	0.8		0	0
0.45	0.85		0	0
0.45	0.9		0	0
0.45	0.95		0	0
0.45	1		0	0
0.5	0		5	67
0.5	0.05		0	0
0.5	0.1		2	6
0.5	0.15		7	4
0.5	0.2		13	21
0.5	0.25		26	25
0.5	0.3		16	26
0.5	0.35		29	2
0.5	0.4		58	29
0.5	0.45		30	0
0.5	0.5		55	56
0.5	0.55		24	20
0.5	0.6		7	6
0.5	0.65		13	22
0.5	0.7		0	1
0.5	0.75		10	5
0.5	0.8		4	1
0.5	0.85		0	1
0.5	0.9		0	0
0.5	0.95		0	0
0.5	1		0	12
0.55	0		4	17
0.55	0.05		0	0
0.55	0.1		5	2
0.55	0.15		6	6
0.55	0.2		7	6
0.55	0.25		14	7
0.55	0.3		23	12
0.55	0.35		17	2
0.55	0.4		29	8
0.55	0.45		18	0
0.55	0.5		29	12
0.55	0.55		24	5
0.55	0.6		12	0
0.55	0.65		4	0
0.55	0.7		7	0
0.55	0.75		7	6
0.55	0.8		1	0
0.55	0.85		1	0
0.55	0.9		0	0
0.55	0.95		0	0
0.55	1		0	4
0.6	0		3	7
0.6	0.05		0	0
0.6	0.1		0	0
0.6	0.15		1	1
0.6	0.2		3	5
0.6	0.25		3	0
0.6	0.3		3	1
0.6	0.35		13	0
0.6	0.4		19	4
0.6	0.45		12	0
0.6	0.5		13	1
0.6	0.55		14	1
0.6	0.6		7	0
0.6	0.65		0	2
0.6	0.7		2	0
0.6	0.75		1	0
0.6	0.8		0	0
0.6	0.85		0	0
0.6	0.9		0	0
0.6	0.95		0	0
0.6	1		0	0
0.65	0		0	21
0.65	0.05		1	0
0.65	0.1		0	0
0.65	0.15		2	3
0.65	0.2		0	2
0.65	0.25		4	8
0.65	0.3		3	13
0.65	0.35		4	3
0.65	0.4		10	11
0.65	0.45		2	0
0.65	0.5		7	18
0.65	0.55		8	9
0.65	0.6		1	4
0.65	0.65		3	4
0.65	0.7		2	0
0.65	0.75		2	2
0.65	0.8		0	0
0.65	0.85		0	0
0.65	0.9		0	0
0.65	0.95		0	0
0.65	1		0	3
0.7	0		0	2
0.7	0.05		0	0
0.7	0.1		0	0
0.7	0.15		2	0
0.7	0.2		0	0
0.7	0.25		6	0
0.7	0.3		0	0
0.7	0.35		2	0
0.7	0.4		6	1
0.7	0.45		2	0
0.7	0.5		2	2
0.7	0.55		1	0
0.7	0.6		0	0
0.7	0.65		2	2
0.7	0.7		0	0
0.7	0.75		1	0
0.7	0.8		0	0
0.7	0.85		0	0
0.7	0.9		0	0
0.7	0.95		0	0
0.7	1		0	0
0.75	0		0	8
0.75	0.05		0	0
0.75	0.1		0	0
0.75	0.15		0	0
0.75	0.2		1	0
0.75	0.25		0	3
0.75	0.3		1	2
0.75	0.35		4	0
0.75	0.4		2	1
0.75	0.45		3	0
0.75	0.5		0	3
0.75	0.55		1	0
0.75	0.6		2	3
0.75	0.65		0	0
0.75	0.7		0	0
0.75	0.75		0	0
0.75	0.8		0	3
0.75	0.85		0	0
0.75	0.9		0	0
0.75	0.95		0	0
0.75	1		0	0
0.8	0		0	4
0.8	0.05		0	0
0.8	0.1		1	0
0.8	0.15		0	0
0.8	0.2		0	4
0.8	0.25		0	2
0.8	0.3		0	1
0.8	0.35		0	0
0.8	0.4		0	0
0.8	0.45		4	2
0.8	0.5		3	3
0.8	0.55		1	1
0.8	0.6		0	0
0.8	0.65		0	0
0.8	0.7		0	0
0.8	0.75		0	0
0.8	0.8		0	0
0.8	0.85		0	0
0.8	0.9		0	0
0.8	0.95		0	0
0.8	1		0	1
0.85	0		0	0
0.85	0.05		0	0
0.85	0.1		0	0
0.85	0.15		0	0
0.85	0.2		0	0
0.85	0.25		0	0
0.85	0.3		0	0
0.85	0.35		0	0
0.85	0.4		1	0
0.85	0.45		0	0
0.85	0.5		0	0
0.85	0.55		1	0
0.85	0.6		0	0
0.85	0.65		0	0
0.85	0.7		0	0
0.85	0.75		0	0
0.85	0.8		0	0
0.85	0.85		0	0
0.85	0.9		0	0
0.85	0.95		0	0
0.85	1		0	0
0.9	0		0	0
0.9	0.05		0	0
0.9	0.1		0	0
0.9	0.15		0	0
0.9	0.2		0	0
0.9	0.25		0	0
0.9	0.3		0	0
0.9	0.35		0	0
0.9	0.4		0	0
0.9	0.45		0	0
0.9	0.5		2	0
0.9	0.55		0	0
0.9	0.6		0	0
0.9	0.65		0	0
0.9	0.7		0	0
0.9	0.75		0	0
0.9	0.8		0	0
0.9	0.85		0	0
0.9	0.9		0	0
0.9	0.95		0	0
0.9	1		0	0
0.95	0		0	0
0.95	0.05		0	0
0.95	0.1		0	0
0.95	0.15		0	0
0.95	0.2		0	0
0.95	0.25		0	0
0.95	0.3		0	0
0.95	0.35		0	0
0.95	0.4		0	0
0.95	0.45		0	0
0.95	0.5		0	0
0.95	0.55		0	0
0.95	0.6		0	0
0.95	0.65		0	0
0.95	0.7		0	0
0.95	0.75		0	0
0.95	0.8		0	0
0.95	0.85		0	0
0.95	0.9		0	0
0.95	0.95		0	0
0.95	1		0	0
1	0		0	24
1	0.05		0	0
1	0.1		0	4
1	0.15		0	4
1	0.2		0	3
1	0.25		0	6
1	0.3		0	21
1	0.35		0	1
1	0.4		0	8
1	0.45		0	0
1	0.5		0	17
1	0.55		0	6
1	0.6		0	0
1	0.65		0	4
1	0.7		0	0
1	0.75		0	2
1	0.8		0	0
1	0.85		0	1
1	0.9		0	0
1	0.95		0	0
1	1		0	4
