0.000000000000000000e+00 0.000000000000000000e+00 4.176798436151416549e-01 5.823201563848583451e-01
1.000000000000000000e+00 0.000000000000000000e+00 4.410629529244239899e-01 5.589370470755760101e-01
2.000000000000000000e+00 0.000000000000000000e+00 4.647104506008522540e-01 5.352895493991477460e-01
3.000000000000000000e+00 0.000000000000000000e+00 4.885176828798684090e-01 5.114823171201315910e-01
4.000000000000000000e+00 0.000000000000000000e+00 5.123771208366690866e-01 4.876228791633309134e-01
5.000000000000000000e+00 0.000000000000000000e+00 5.361802895847851413e-01 4.638197104152149142e-01
6.000000000000000000e+00 0.000000000000000000e+00 5.598197337004136021e-01 4.401802662995863424e-01
7.000000000000000000e+00 0.000000000000000000e+00 5.831909436129434354e-01 4.168090563870565091e-01
8.000000000000000000e+00 0.000000000000000000e+00 6.061941702485065253e-01 3.938058297514934192e-01
9.000000000000000000e+00 0.000000000000000000e+00 6.287360624183925273e-01 3.712639375816074727e-01
0.000000000000000000e+00 5.000000000000000000e+03 4.196072633387684103e-01 5.803927366612315897e-01
1.000000000000000000e+00 5.000000000000000000e+03 4.430161855430178042e-01 5.569838144569821958e-01
2.000000000000000000e+00 5.000000000000000000e+03 4.666809682708141782e-01 5.333190317291858218e-01
3.000000000000000000e+00 5.000000000000000000e+03 4.904966480310108956e-01 5.095033519689891044e-01
4.000000000000000000e+00 5.000000000000000000e+03 5.143555430410853280e-01 4.856444569589146165e-01
5.000000000000000000e+00 5.000000000000000000e+03 5.381491882686284534e-01 4.618508117313716022e-01
6.000000000000000000e+00 5.000000000000000000e+03 5.617703004774943221e-01 4.382296995225056779e-01
7.000000000000000000e+00 5.000000000000000000e+03 5.851146980437897938e-01 4.148853019562102618e-01
8.000000000000000000e+00 5.000000000000000000e+03 6.080831032559400606e-01 3.919168967440599394e-01
9.000000000000000000e+00 5.000000000000000000e+03 6.305827623786784963e-01 3.694172376213215037e-01
0.000000000000000000e+00 1.000000000000000000e+04 4.215371388309402390e-01 5.784628611690597610e-01
1.000000000000000000e+00 1.000000000000000000e+04 4.449711818394254115e-01 5.550288181605745885e-01
2.000000000000000000e+00 1.000000000000000000e+04 4.686525261125198405e-01 5.313474738874801595e-01
3.000000000000000000e+00 1.000000000000000000e+04 4.924759110786417482e-01 5.075240889213582518e-01
4.000000000000000000e+00 1.000000000000000000e+04 5.163335154584287601e-01 4.836664845415712399e-01
5.000000000000000000e+00 1.000000000000000000e+04 5.401168976420638312e-01 4.598831023579362243e-01
6.000000000000000000e+00 1.000000000000000000e+04 5.637189598365701659e-01 4.362810401634298896e-01
7.000000000000000000e+00 1.000000000000000000e+04 5.870358608070633810e-01 4.129641391929366745e-01
8.000000000000000000e+00 1.000000000000000000e+04 6.099688053856284764e-01 3.900311946143714681e-01
9.000000000000000000e+00 1.000000000000000000e+04 6.324256468425946132e-01 3.675743531574053313e-01
0.000000000000000000e+00 1.500000000000000000e+04 4.234694141566079928e-01 5.765305858433920072e-01
1.000000000000000000e+00 1.500000000000000000e+04 4.469278828170032414e-01 5.530721171829967586e-01
2.000000000000000000e+00 1.500000000000000000e+04 4.706250630780905997e-01 5.293749369219094003e-01
3.000000000000000000e+00 1.500000000000000000e+04 4.944554100116670403e-01 5.055445899883329597e-01
4.000000000000000000e+00 1.500000000000000000e+04 5.183109762393385278e-01 4.816890237606615277e-01
5.000000000000000000e+00 1.500000000000000000e+04 5.420833571361900471e-01 4.579166428638100084e-01
6.000000000000000000e+00 1.500000000000000000e+04 5.656656535589665857e-01 4.343343464410333588e-01
7.000000000000000000e+00 1.500000000000000000e+04 5.889543770155718505e-01 4.110456229844280940e-01
8.000000000000000000e+00 1.500000000000000000e+04 6.118512259407091758e-01 3.881487740592907687e-01
9.000000000000000000e+00 1.500000000000000000e+04 6.342646700137267723e-01 3.657353299862732277e-01
0.000000000000000000e+00 2.000000000000000000e+04 4.254040330908339662e-01 5.745959669091660338e-01
1.000000000000000000e+00 2.000000000000000000e+04 4.488862292691774281e-01 5.511137707308225719e-01
2.000000000000000000e+00 2.000000000000000000e+04 4.725985179975614736e-01 5.274014820024385264e-01
3.000000000000000000e+00 2.000000000000000000e+04 4.964350827894163931e-01 5.035649172105836069e-01
4.000000000000000000e+00 2.000000000000000000e+04 5.202878635985245248e-01 4.797121364014754752e-01
5.000000000000000000e+00 2.000000000000000000e+04 5.440485063373625696e-01 4.559514936626373749e-01
6.000000000000000000e+00 2.000000000000000000e+04 5.676103236665499541e-01 4.323896763334500459e-01
7.000000000000000000e+00 2.000000000000000000e+04 5.908701920989885004e-01 4.091298079010114441e-01
8.000000000000000000e+00 2.000000000000000000e+04 6.137303146060573145e-01 3.862696853939427410e-01
9.000000000000000000e+00 2.000000000000000000e+04 6.360997865290188846e-01 3.639002134709811154e-01
0.000000000000000000e+00 2.500000000000000000e+04 4.273409391250556633e-01 5.726590608749443367e-01
1.000000000000000000e+00 2.500000000000000000e+04 4.508461617864728543e-01 5.491538382135271457e-01
2.000000000000000000e+00 2.500000000000000000e+04 4.745728295864267698e-01 5.254271704135732302e-01
3.000000000000000000e+00 2.500000000000000000e+04 4.984148673494184223e-01 5.015851326505815777e-01
4.000000000000000000e+00 2.500000000000000000e+04 5.222641158224752278e-01 4.777358841775247167e-01
5.000000000000000000e+00 2.500000000000000000e+04 5.460122849945383550e-01 4.539877150054617005e-01
6.000000000000000000e+00 2.500000000000000000e+04 5.695529124284380851e-01 4.304470875715619149e-01
7.000000000000000000e+00 2.500000000000000000e+04 5.927832518096994852e-01 4.072167481903005148e-01
8.000000000000000000e+00 2.500000000000000000e+04 6.156060214530920671e-01 3.843939785469079329e-01
9.000000000000000000e+00 2.500000000000000000e+04 6.379309514624222910e-01 3.620690485375777645e-01
0.000000000000000000e+00 3.000000000000000000e+04 4.292800754734205082e-01 5.707199245265794918e-01
1.000000000000000000e+00 3.000000000000000000e+04 4.528076207635953754e-01 5.471923792364046246e-01
2.000000000000000000e+00 3.000000000000000000e+04 4.765479364532139162e-01 5.234520635467860838e-01
3.000000000000000000e+00 3.000000000000000000e+04 5.003947016151821803e-01 4.996052983848177642e-01
4.000000000000000000e+00 3.000000000000000000e+04 5.242396712771468792e-01 4.757603287228531208e-01
5.000000000000000000e+00 3.000000000000000000e+04 5.479746330265774512e-01 4.520253669734225488e-01
6.000000000000000000e+00 3.000000000000000000e+04 5.714933623676490271e-01 4.285066376323510284e-01
7.000000000000000000e+00 3.000000000000000000e+04 5.946935022285703143e-01 4.053064977714296857e-01
8.000000000000000000e+00 3.000000000000000000e+04 6.174782969444909675e-01 3.825217030555090880e-01
9.000000000000000000e+00 3.000000000000000000e+04 6.397581203284457008e-01 3.602418796715542992e-01
0.000000000000000000e+00 3.500000000000000000e+04 4.312213850791924985e-01 5.687786149208075015e-01
1.000000000000000000e+00 3.500000000000000000e+04 4.547705464065650016e-01 5.452294535934349984e-01
2.000000000000000000e+00 3.500000000000000000e+04 4.785237771070871560e-01 5.214762228929128440e-01
3.000000000000000000e+00 3.500000000000000000e+04 5.023745235039821511e-01 4.976254764960178489e-01
4.000000000000000000e+00 3.500000000000000000e+04 5.262144684156293550e-01 4.737855315843706450e-01
5.000000000000000000e+00 3.500000000000000000e+04 5.499354905295019691e-01 4.500645094704979754e-01
6.000000000000000000e+00 3.500000000000000000e+04 5.734316162676825757e-01 4.265683837323174243e-01
7.000000000000000000e+00 3.500000000000000000e+04 5.966008897706318592e-01 4.033991102293680853e-01
8.000000000000000000e+00 3.500000000000000000e+04 6.193470919388093243e-01 3.806529080611907312e-01
9.000000000000000000e+00 3.500000000000000000e+04 6.415812490856062089e-01 3.584187509143937911e-01
0.000000000000000000e+00 4.000000000000000000e+04 4.331648106212274696e-01 5.668351893787725304e-01
1.000000000000000000e+00 4.000000000000000000e+04 4.567348787398988197e-01 5.432651212601011803e-01
2.000000000000000000e+00 4.000000000000000000e+04 4.805002899654767790e-01 5.194997100345232210e-01
3.000000000000000000e+00 4.000000000000000000e+04 5.043542709346453545e-01 4.956457290653547010e-01
4.000000000000000000e+00 4.000000000000000000e+04 5.281884457857922710e-01 4.718115542142077290e-01
5.000000000000000000e+00 4.000000000000000000e+04 5.518947977837069807e-01 4.481052022162930748e-01
6.000000000000000000e+00 4.000000000000000000e+04 5.753676171790376159e-01 4.246323828209623286e-01
7.000000000000000000e+00 4.000000000000000000e+04 5.985053611906820947e-01 4.014946388093179608e-01
8.000000000000000000e+00 4.000000000000000000e+04 6.212123576950070447e-01 3.787876423049929553e-01
9.000000000000000000e+00 4.000000000000000000e+04 6.434002941397796160e-01 3.565997058602203285e-01
0.000000000000000000e+00 4.500000000000000000e+04 4.351102945205153061e-01 5.648897054794846939e-01
1.000000000000000000e+00 4.500000000000000000e+04 4.587005576138405427e-01 5.412994423861594573e-01
2.000000000000000000e+00 4.500000000000000000e+04 4.824774133617331096e-01 5.175225866382668904e-01
3.000000000000000000e+00 4.500000000000000000e+04 5.063338818353376736e-01 4.936661181646623264e-01
4.000000000000000000e+00 4.500000000000000000e+04 5.301615420379031107e-01 4.698384579620969448e-01
5.000000000000000000e+00 4.500000000000000000e+04 5.538524952611230123e-01 4.461475047388769877e-01
6.000000000000000000e+00 4.500000000000000000e+04 5.773013084256590766e-01 4.226986915743408679e-01
7.000000000000000000e+00 4.500000000000000000e+04 6.004068635888042405e-01 3.995931364111957595e-01
8.000000000000000000e+00 4.500000000000000000e+04 6.230740458768808665e-01 3.769259541231191335e-01
9.000000000000000000e+00 4.500000000000000000e+04 6.452152123474519385e-01 3.547847876525480060e-01
0.000000000000000000e+00 5.000000000000000000e+04 4.370577789467887664e-01 5.629422210532112336e-01
1.000000000000000000e+00 5.000000000000000000e+04 4.606675227116365789e-01 5.393324772883634211e-01
2.000000000000000000e+00 5.000000000000000000e+04 4.844550855528022559e-01 5.155449144471977441e-01
3.000000000000000000e+00 5.000000000000000000e+04 5.083132941513476277e-01 4.916867058486523723e-01
4.000000000000000000e+00 5.000000000000000000e+04 5.321336959322193749e-01 4.678663040677805696e-01
5.000000000000000000e+00 5.000000000000000000e+04 5.558085236323297984e-01 4.441914763676702016e-01
6.000000000000000000e+00 5.000000000000000000e+04 5.792326336113160501e-01 4.207673663886840054e-01
7.000000000000000000e+00 5.000000000000000000e+04 6.023053444158015246e-01 3.976946555841984754e-01
8.000000000000000000e+00 5.000000000000000000e+04 6.249321085574004453e-01 3.750678914425995547e-01
9.000000000000000000e+00 5.000000000000000000e+04 6.470259610188695554e-01 3.529740389811304446e-01
0.000000000000000000e+00 5.500000000000000000e+04 4.390072058251975884e-01 5.609927941748024116e-01
1.000000000000000000e+00 5.500000000000000000e+04 4.626357135568555101e-01 5.373642864431444899e-01
2.000000000000000000e+00 5.500000000000000000e+04 4.864332447269228421e-01 5.135667552730771579e-01
3.000000000000000000e+00 5.500000000000000000e+04 5.102924458528659279e-01 4.897075541471340721e-01
4.000000000000000000e+00 5.500000000000000000e+04 5.341048463465520868e-01 4.658951536534479132e-01
5.000000000000000000e+00 5.500000000000000000e+04 5.577628237736174110e-01 4.422371762263825890e-01
6.000000000000000000e+00 5.500000000000000000e+04 5.811615366259084148e-01 4.188384633740916407e-01
7.000000000000000000e+00 5.500000000000000000e+04 6.042007514785429079e-01 3.957992485214570921e-01
8.000000000000000000e+00 5.500000000000000000e+04 6.267864982229490733e-01 3.732135017770509267e-01
9.000000000000000000e+00 5.500000000000000000e+04 6.488324979210895460e-01 3.511675020789103985e-01
0.000000000000000000e+00 6.000000000000000000e+04 4.409585168430441016e-01 5.590414831569558984e-01
1.000000000000000000e+00 6.000000000000000000e+04 4.646050695207496473e-01 5.353949304792503527e-01
2.000000000000000000e+00 6.000000000000000000e+04 4.884118290113409477e-01 5.115881709886590523e-01
3.000000000000000000e+00 6.000000000000000000e+04 5.122712749427584811e-01 4.877287250572415744e-01
4.000000000000000000e+00 6.000000000000000000e+04 5.360749322837968789e-01 4.639250677162031211e-01
5.000000000000000000e+00 6.000000000000000000e+04 5.597153367739942098e-01 4.402846632260057347e-01
6.000000000000000000e+00 6.000000000000000000e+04 5.830879616517021802e-01 4.169120383482978198e-01
7.000000000000000000e+00 6.000000000000000000e+04 6.060930329452245413e-01 3.939069670547754032e-01
8.000000000000000000e+00 6.000000000000000000e+04 6.286371677774682531e-01 3.713628322225317469e-01
9.000000000000000000e+00 6.000000000000000000e+04 6.506347812809301079e-01 3.493652187190698921e-01
0.000000000000000000e+00 6.500000000000000000e+04 4.429116534565809005e-01 5.570883465434190995e-01
1.000000000000000000e+00 6.500000000000000000e+04 4.665755298296566655e-01 5.334244701703433345e-01
2.000000000000000000e+00 6.500000000000000000e+04 4.903907764800402580e-01 5.096092235199597420e-01
3.000000000000000000e+00 6.500000000000000000e+04 5.142497194643292913e-01 4.857502805356707087e-01
4.000000000000000000e+00 6.500000000000000000e+04 5.380438928794333275e-01 4.619561071205666170e-01
5.000000000000000000e+00 6.500000000000000000e+04 5.616660039421392803e-01 4.383339960578607752e-01
6.000000000000000000e+00 6.500000000000000000e+04 5.850118531694896706e-01 4.149881468305103294e-01
7.000000000000000000e+00 6.500000000000000000e+04 6.079821373505419624e-01 3.920178626494580376e-01
8.000000000000000000e+00 6.500000000000000000e+04 6.304840705465047934e-01 3.695159294534952066e-01
9.000000000000000000e+00 6.500000000000000000e+04 6.524327697878186116e-01 3.475672302121813884e-01
0.000000000000000000e+00 7.000000000000000000e+04 4.448665568978685814e-01 5.551334431021314186e-01
1.000000000000000000e+00 7.000000000000000000e+04 4.685470335724389868e-01 5.314529664275610132e-01
2.000000000000000000e+00 7.000000000000000000e+04 4.923700251614878676e-01 5.076299748385121324e-01
3.000000000000000000e+00 7.000000000000000000e+04 5.162277175090752568e-01 4.837722824909246877e-01
4.000000000000000000e+00 7.000000000000000000e+04 5.400116674089885382e-01 4.599883325910114062e-01
5.000000000000000000e+00 7.000000000000000000e+04 5.636147668132970301e-01 4.363852331867029699e-01
6.000000000000000000e+00 7.000000000000000000e+04 5.869331559646739915e-01 4.130668440353260085e-01
7.000000000000000000e+00 7.000000000000000000e+04 6.098680136007725849e-01 3.901319863992273596e-01
8.000000000000000000e+00 7.000000000000000000e+04 6.323271602811604275e-01 3.676728397188396280e-01
9.000000000000000000e+00 7.000000000000000000e+04 6.542264225965411795e-01 3.457735774034588205e-01
0.000000000000000000e+00 7.500000000000000000e+04 4.468231681816904333e-01 5.531768318183095667e-01
1.000000000000000000e+00 7.500000000000000000e+04 4.705195197079607983e-01 5.294804802920392017e-01
2.000000000000000000e+00 7.500000000000000000e+04 4.943495130463910758e-01 5.056504869536089242e-01
3.000000000000000000e+00 7.500000000000000000e+04 5.182052072244256458e-01 4.817947927755744097e-01
4.000000000000000000e+00 7.500000000000000000e+04 5.419781952954638715e-01 4.580218047045361840e-01
5.000000000000000000e+00 7.500000000000000000e+04 5.655615671561162738e-01 4.344384328438836707e-01
6.000000000000000000e+00 7.500000000000000000e+04 5.888518151332785555e-01 4.111481848667214445e-01
7.000000000000000000e+00 7.500000000000000000e+04 6.117506109787702595e-01 3.882493890212296850e-01
8.000000000000000000e+00 7.500000000000000000e+04 6.341663911619432881e-01 3.658336088380567674e-01
9.000000000000000000e+00 7.500000000000000000e+04 6.560156993298895678e-01 3.439843006701104322e-01
0.000000000000000000e+00 8.000000000000000000e+04 4.487814281125255267e-01 5.512185718874744733e-01
1.000000000000000000e+00 8.000000000000000000e+04 4.724929270725973796e-01 5.275070729274026204e-01
2.000000000000000000e+00 8.000000000000000000e+04 4.963291780954648402e-01 5.036708219045351598e-01
3.000000000000000000e+00 8.000000000000000000e+04 5.201821268214674721e-01 4.798178731785325279e-01
4.000000000000000000e+00 8.000000000000000000e+04 5.439434161167227000e-01 4.560565838832773000e-01
5.000000000000000000e+00 8.000000000000000000e+04 5.675063469794249249e-01 4.324936530205750751e-01
6.000000000000000000e+00 8.000000000000000000e+04 5.907677760878773388e-01 4.092322239121227168e-01
7.000000000000000000e+00 8.000000000000000000e+04 6.136298791488667970e-01 3.863701208511332585e-01
8.000000000000000000e+00 8.000000000000000000e+04 6.360017178025219042e-01 3.639982821974781513e-01
9.000000000000000000e+00 8.000000000000000000e+04 6.578005600812087961e-01 3.421994399187912039e-01
0.000000000000000000e+00 8.500000000000000000e+04 4.507412772915738719e-01 5.492587227084261281e-01
1.000000000000000000e+00 8.500000000000000000e+04 4.744671943877787346e-01 5.255328056122212654e-01
2.000000000000000000e+00 8.500000000000000000e+04 4.983089582472072232e-01 5.016910417527927768e-01
3.000000000000000000e+00 8.500000000000000000e+04 5.221584145826549950e-01 4.778415854173449495e-01
4.000000000000000000e+00 8.500000000000000000e+04 5.459072696128384194e-01 4.540927303871615806e-01
5.000000000000000000e+00 8.500000000000000000e+04 5.694490485389456236e-01 4.305509514610544319e-01
6.000000000000000000e+00 8.500000000000000000e+04 5.926809845634462004e-01 4.073190154365538551e-01
7.000000000000000000e+00 8.500000000000000000e+04 6.155057681616833420e-01 3.844942318383166580e-01
8.000000000000000000e+00 8.500000000000000000e+04 6.378330952533795006e-01 3.621669047466205549e-01
9.000000000000000000e+00 8.500000000000000000e+04 6.595809654168431901e-01 3.404190345831568654e-01
0.000000000000000000e+00 9.000000000000000000e+04 4.527026561238362001e-01 5.472973438761637999e-01
1.000000000000000000e+00 9.000000000000000000e+04 4.764422602675620899e-01 5.235577397324379101e-01
2.000000000000000000e+00 9.000000000000000000e+04 5.002887914256798352e-01 4.997112085743201648e-01
3.000000000000000000e+00 9.000000000000000000e+04 5.241340088694985688e-01 4.758659911305013757e-01
4.000000000000000000e+00 9.000000000000000000e+04 5.478696956933984952e-01 4.521303043066015048e-01
5.000000000000000000e+00 9.000000000000000000e+04 5.713896143439465281e-01 4.286103856560535275e-01
6.000000000000000000e+00 9.000000000000000000e+04 5.945913866231344880e-01 4.054086133768654565e-01
7.000000000000000000e+00 9.000000000000000000e+04 6.173782284588494873e-01 3.826217715411505127e-01
8.000000000000000000e+00 9.000000000000000000e+04 6.396604790053692646e-01 3.603395209946306799e-01
9.000000000000000000e+00 9.000000000000000000e+04 6.613568763784820614e-01 3.386431236215179386e-01
0.000000000000000000e+00 9.500000000000000000e+04 4.546655048252450371e-01 5.453344951747549629e-01
1.000000000000000000e+00 9.500000000000000000e+04 4.784180632262343691e-01 5.215819367737656309e-01
2.000000000000000000e+00 9.500000000000000000e+04 5.022686155482938286e-01 4.977313844517061714e-01
3.000000000000000000e+00 9.500000000000000000e+04 5.261088481302338415e-01 4.738911518697662140e-01
4.000000000000000000e+00 9.500000000000000000e+04 5.498306344447649874e-01 4.501693655552350681e-01
5.000000000000000000e+00 9.500000000000000000e+04 5.733279871638279346e-01 4.266720128361720654e-01
6.000000000000000000e+00 9.500000000000000000e+04 5.964989286639544863e-01 4.035010713360455137e-01
7.000000000000000000e+00 9.500000000000000000e+04 6.192472108776276851e-01 3.807527891223722594e-01
8.000000000000000000e+00 9.500000000000000000e+04 6.414838249931705816e-01 3.585161750068294184e-01
9.000000000000000000e+00 9.500000000000000000e+04 6.631282544854054661e-01 3.368717455145945339e-01
0.000000000000000000e+00 1.000000000000000000e+05 4.566297634298439601e-01 5.433702365701560399e-01
1.000000000000000000e+00 1.000000000000000000e+05 4.803945416859394246e-01 5.196054583140605754e-01
2.000000000000000000e+00 1.000000000000000000e+05 5.042483685335958921e-01 4.957516314664040524e-01
3.000000000000000000e+00 1.000000000000000000e+05 5.280828709074663063e-01 4.719171290925336382e-01
4.000000000000000000e+00 1.000000000000000000e+05 5.517900261372876702e-01 4.482099738627122743e-01
5.000000000000000000e+00 1.000000000000000000e+05 5.752641100346420622e-01 4.247358899653579933e-01
6.000000000000000000e+00 1.000000000000000000e+05 5.984035574223880438e-01 4.015964425776120117e-01
7.000000000000000000e+00 1.000000000000000000e+05 6.211126666554458442e-01 3.788873333445541003e-01
8.000000000000000000e+00 1.000000000000000000e+05 6.433030895986449060e-01 3.566969104013550385e-01
9.000000000000000000e+00 1.000000000000000000e+05 6.648950617366286009e-01 3.351049382633713991e-01
0.000000000000000000e+00 1.050000000000000000e+05 4.585953717970157051e-01 5.414046282029842949e-01
1.000000000000000000e+00 1.050000000000000000e+05 4.823716339843312495e-01 5.176283660156687505e-01
2.000000000000000000e+00 1.050000000000000000e+05 5.062279883090554655e-01 4.937720116909445900e-01
3.000000000000000000e+00 1.050000000000000000e+05 5.300560158457938709e-01 4.699439841542061291e-01
4.000000000000000000e+00 1.050000000000000000e+05 5.537478112324709656e-01 4.462521887675290899e-01
5.000000000000000000e+00 1.050000000000000000e+05 5.771979262655435594e-01 4.228020737344564406e-01
6.000000000000000000e+00 1.050000000000000000e+05 6.003052199799092659e-01 3.996947800200906786e-01
7.000000000000000000e+00 1.050000000000000000e+05 6.229745474343333367e-01 3.770254525656666633e-01
8.000000000000000000e+00 1.050000000000000000e+05 6.451182296540924899e-01 3.548817703459075101e-01
9.000000000000000000e+00 1.050000000000000000e+05 6.666572606129466116e-01 3.333427393870533884e-01
0.000000000000000000e+00 1.100000000000000000e+05 4.605622696187552378e-01 5.394377303812447622e-01
1.000000000000000000e+00 1.100000000000000000e+05 4.843492783822483938e-01 5.156507216177516062e-01
2.000000000000000000e+00 1.100000000000000000e+05 5.082074128188478479e-01 4.917925871811520966e-01
3.000000000000000000e+00 1.100000000000000000e+05 5.320282216993981184e-01 4.679717783006018261e-01
4.000000000000000000e+00 1.100000000000000000e+05 5.557039303900885852e-01 4.442960696099114704e-01
5.000000000000000000e+00 1.100000000000000000e+05 5.791293794451721766e-01 4.208706205548278789e-01
6.000000000000000000e+00 1.100000000000000000e+05 6.022038637684237194e-01 3.977961362315763361e-01
7.000000000000000000e+00 1.100000000000000000e+05 6.248328052652629694e-01 3.751671947347369751e-01
8.000000000000000000e+00 1.100000000000000000e+05 6.469292024454078582e-01 3.530707975545920863e-01
9.000000000000000000e+00 1.100000000000000000e+05 6.684148140788794823e-01 3.315851859211204622e-01
0.000000000000000000e+00 1.150000000000000000e+05 4.625303964269867896e-01 5.374696035730132104e-01
1.000000000000000000e+00 1.150000000000000000e+05 4.863274130714101418e-01 5.136725869285898582e-01
2.000000000000000000e+00 1.150000000000000000e+05 5.101865800316349731e-01 4.898134199683650269e-01
3.000000000000000000e+00 1.150000000000000000e+05 5.339994273396111435e-01 4.660005726603888565e-01
4.000000000000000000e+00 1.150000000000000000e+05 5.576583244752485458e-01 4.423416755247514542e-01
5.000000000000000000e+00 1.150000000000000000e+05 5.810584134479632734e-01 4.189415865520367821e-01
6.000000000000000000e+00 1.150000000000000000e+05 6.040994365756187090e-01 3.959005634243812355e-01
7.000000000000000000e+00 1.150000000000000000e+05 6.266873926123972538e-01 3.733126073876026907e-01
8.000000000000000000e+00 1.150000000000000000e+05 6.487359657151359205e-01 3.512640342848640240e-01
9.000000000000000000e+00 1.150000000000000000e+05 6.701676855845171143e-01 3.298323144154829412e-01
0.000000000000000000e+00 1.200000000000000000e+05 4.644996916009239696e-01 5.355003083990760304e-01
1.000000000000000000e+00 1.200000000000000000e+05 4.883059761821291200e-01 5.116940238178708800e-01
2.000000000000000000e+00 1.200000000000000000e+05 5.121654279483379701e-01 4.878345720516620299e-01
3.000000000000000000e+00 1.200000000000000000e+05 5.359695717624466393e-01 4.640304282375533607e-01
4.000000000000000000e+00 1.200000000000000000e+05 5.596109345654032285e-01 4.403890654345968270e-01
5.000000000000000000e+00 1.200000000000000000e+05 5.829849724403861622e-01 4.170150275596137823e-01
6.000000000000000000e+00 1.200000000000000000e+05 6.059918865502302854e-01 3.940081134497697701e-01
7.000000000000000000e+00 1.200000000000000000e+05 6.285382623572375316e-01 3.714617376427625239e-01
8.000000000000000000e+00 1.200000000000000000e+05 6.505384776654272727e-01 3.494615223345727828e-01
9.000000000000000000e+00 1.200000000000000000e+05 6.719158390672641534e-01 3.280841609327358466e-01
0.000000000000000000e+00 1.250000000000000000e+05 4.664700943744680695e-01 5.335299056255319305e-01
1.000000000000000000e+00 1.250000000000000000e+05 4.902849057910427799e-01 5.097150942089572201e-01
2.000000000000000000e+00 1.250000000000000000e+05 5.141438946099015084e-01 4.858561053900985471e-01
3.000000000000000000e+00 1.250000000000000000e+05 5.379385940961025625e-01 4.620614059038974930e-01
4.000000000000000000e+00 1.250000000000000000e+05 5.615617019573053703e-01 4.384382980426946852e-01
5.000000000000000000e+00 1.250000000000000000e+05 5.849090008871088431e-01 4.150909991128911569e-01
6.000000000000000000e+00 1.250000000000000000e+05 6.078811622072182175e-01 3.921188377927818380e-01
7.000000000000000000e+00 1.250000000000000000e+05 6.303853678026756224e-01 3.696146321973243221e-01
8.000000000000000000e+00 1.250000000000000000e+05 6.523366969608914712e-01 3.476633030391085288e-01
9.000000000000000000e+00 1.250000000000000000e+05 6.736592389534874492e-01 3.263407610465126063e-01
0.000000000000000000e+00 1.300000000000000000e+05 4.684415438436472234e-01 5.315584561563527766e-01
1.000000000000000000e+00 1.300000000000000000e+05 4.922641399288566477e-01 5.077358600711433523e-01
2.000000000000000000e+00 1.300000000000000000e+05 5.161219181050480387e-01 4.838780818949519613e-01
3.000000000000000000e+00 1.300000000000000000e+05 5.399064336084258287e-01 4.600935663915742269e-01
4.000000000000000000e+00 1.300000000000000000e+05 5.635105681739062122e-01 4.364894318260937878e-01
5.000000000000000000e+00 1.300000000000000000e+05 5.868304435570868005e-01 4.131695564429131440e-01
6.000000000000000000e+00 1.300000000000000000e+05 6.097672124328554766e-01 3.902327875671445234e-01
7.000000000000000000e+00 1.300000000000000000e+05 6.322286626769505480e-01 3.677713373230494520e-01
8.000000000000000000e+00 1.300000000000000000e+05 6.541305827313528276e-01 3.458694172686471169e-01
9.000000000000000000e+00 1.300000000000000000e+05 6.753978501600623741e-01 3.246021498399376815e-01
0.000000000000000000e+00 1.350000000000000000e+05 4.704139789740896527e-01 5.295860210259103473e-01
1.000000000000000000e+00 1.350000000000000000e+05 4.942436165881014531e-01 5.057563834118985469e-01
2.000000000000000000e+00 1.350000000000000000e+05 5.180994365780191568e-01 4.819005634219807876e-01
3.000000000000000000e+00 1.350000000000000000e+05 5.418730297143414809e-01 4.581269702856585746e-01
4.000000000000000000e+00 1.350000000000000000e+05 5.654574749711963610e-01 4.345425250288036390e-01
5.000000000000000000e+00 1.350000000000000000e+05 5.887492455295761928e-01 4.112507544704237517e-01
6.000000000000000000e+00 1.350000000000000000e+05 6.116499864897261274e-01 3.883500135102738726e-01
7.000000000000000000e+00 1.350000000000000000e+05 6.340681011375035592e-01 3.659318988624963853e-01
8.000000000000000000e+00 1.350000000000000000e+05 6.559200945745022882e-01 3.440799054254976563e-01
9.000000000000000000e+00 1.350000000000000000e+05 6.771316380958225523e-01 3.228683619041775033e-01
0.000000000000000000e+00 1.400000000000000000e+05 4.723873386085325476e-01 5.276126613914674524e-01
1.000000000000000000e+00 1.400000000000000000e+05 4.962232737308998054e-01 5.037767262691001946e-01
2.000000000000000000e+00 1.400000000000000000e+05 5.200763882363015345e-01 4.799236117636985210e-01
3.000000000000000000e+00 1.400000000000000000e+05 5.438383219832421123e-01 4.561616780167578877e-01
4.000000000000000000e+00 1.400000000000000000e+05 5.674023643449850329e-01 4.325976356550149116e-01
5.000000000000000000e+00 1.400000000000000000e+05 5.906653522000682166e-01 4.093346477999317834e-01
6.000000000000000000e+00 1.400000000000000000e+05 6.135294340216324027e-01 3.864705659783675418e-01
7.000000000000000000e+00 1.400000000000000000e+05 6.359036377747384616e-01 3.640963622252615939e-01
8.000000000000000000e+00 1.400000000000000000e+05 6.577051925584500580e-01 3.422948074415499975e-01
9.000000000000000000e+00 1.400000000000000000e+05 6.788605686629105573e-01 3.211394313370894982e-01
0.000000000000000000e+00 1.450000000000000000e+05 4.743615614743632580e-01 5.256384385256367420e-01
1.000000000000000000e+00 1.450000000000000000e+05 4.982030492967411961e-01 5.017969507032588039e-01
2.000000000000000000e+00 1.450000000000000000e+05 5.220527113583364187e-01 4.779472886416635813e-01
3.000000000000000000e+00 1.450000000000000000e+05 5.458022501463388743e-01 4.541977498536611257e-01
4.000000000000000000e+00 1.450000000000000000e+05 5.693451785376184571e-01 4.306548214623815984e-01
5.000000000000000000e+00 1.450000000000000000e+05 5.925787092861456440e-01 4.074212907138544115e-01
6.000000000000000000e+00 1.450000000000000000e+05 6.154055050584112951e-01 3.845944949415887049e-01
7.000000000000000000e+00 1.450000000000000000e+05 6.377352276156800226e-01 3.622647723843199219e-01
8.000000000000000000e+00 1.450000000000000000e+05 6.594858372241769739e-01 3.405141627758230816e-01
9.000000000000000000e+00 1.450000000000000000e+05 6.805846082580309098e-01 3.194153917419690347e-01
0.000000000000000000e+00 1.500000000000000000e+05 4.763365861911909027e-01 5.236634138088090973e-01
1.000000000000000000e+00 1.500000000000000000e+05 5.001828812102625532e-01 4.998171187897374468e-01
2.000000000000000000e+00 1.500000000000000000e+05 5.240283443012109243e-01 4.759716556987890757e-01
3.000000000000000000e+00 1.500000000000000000e+05 5.477647541039667445e-01 4.522352458960332555e-01
4.000000000000000000e+00 1.500000000000000000e+05 5.712858600446342194e-01 4.287141399553657806e-01
5.000000000000000000e+00 1.500000000000000000e+05 5.944892628332572038e-01 4.055107371667427407e-01
6.000000000000000000e+00 1.500000000000000000e+05 6.172781500206572236e-01 3.827218499793428319e-01
7.000000000000000000e+00 1.500000000000000000e+05 6.395628261275361215e-01 3.604371738724639340e-01
8.000000000000000000e+00 1.500000000000000000e+05 6.612619895878867338e-01 3.387380104121132662e-01
9.000000000000000000e+00 1.500000000000000000e+05 6.823037237736067073e-01 3.176962762263933482e-01
0.000000000000000000e+00 1.550000000000000000e+05 4.783123512784462905e-01 5.216876487215537095e-01
1.000000000000000000e+00 1.550000000000000000e+05 5.021627073890336801e-01 4.978372926109663199e-01
2.000000000000000000e+00 1.550000000000000000e+05 5.260032255083273434e-01 4.739967744916726566e-01
3.000000000000000000e+00 1.550000000000000000e+05 5.497257739328481607e-01 4.502742260671518393e-01
4.000000000000000000e+00 1.550000000000000000e+05 5.732243516213515466e-01 4.267756483786485089e-01
5.000000000000000000e+00 1.550000000000000000e+05 5.963969592204130254e-01 4.036030407795869190e-01
6.000000000000000000e+00 1.550000000000000000e+05 6.191473197243532178e-01 3.808526802756467822e-01
7.000000000000000000e+00 1.550000000000000000e+05 6.413863892211577600e-01 3.586136107788422400e-01
8.000000000000000000e+00 1.550000000000000000e+05 6.630336111432557633e-01 3.369663888567442367e-01
9.000000000000000000e+00 1.550000000000000000e+05 6.840178825988376676e-01 3.159821174011623324e-01
0.000000000000000000e+00 1.600000000000000000e+05 4.802887951630092633e-01 5.197112048369907367e-01
1.000000000000000000e+00 1.600000000000000000e+05 5.041424657513431384e-01 4.958575342486568061e-01
2.000000000000000000e+00 1.600000000000000000e+05 5.279772935170504722e-01 4.720227064829495278e-01
3.000000000000000000e+00 1.600000000000000000e+05 5.516852498933089155e-01 4.483147501066910845e-01
4.000000000000000000e+00 1.600000000000000000e+05 5.751605962893938662e-01 4.248394037106061338e-01
5.000000000000000000e+00 1.600000000000000000e+05 5.983017451657945962e-01 4.016982548342054593e-01
6.000000000000000000e+00 1.600000000000000000e+05 6.210129653854072895e-01 3.789870346145927660e-01
7.000000000000000000e+00 1.600000000000000000e+05 6.432058732544015944e-01 3.567941267455984056e-01
8.000000000000000000e+00 1.600000000000000000e+05 6.648006638635832743e-01 3.351993361364167257e-01
9.000000000000000000e+00 1.600000000000000000e+05 6.857270526206643568e-01 3.142729473793356432e-01
0.000000000000000000e+00 1.650000000000000000e+05 4.822658561868590210e-01 5.177341438131409790e-01
1.000000000000000000e+00 1.650000000000000000e+05 5.061220942239863518e-01 4.938779057760137037e-01
2.000000000000000000e+00 1.650000000000000000e+05 5.299504869663289597e-01 4.700495130336710403e-01
3.000000000000000000e+00 1.650000000000000000e+05 5.536431224364470882e-01 4.463568775635529118e-01
4.000000000000000000e+00 1.650000000000000000e+05 5.770945373431444203e-01 4.229054626568555242e-01
5.000000000000000000e+00 1.650000000000000000e+05 6.002035677322823393e-01 3.997964322677176052e-01
6.000000000000000000e+00 1.650000000000000000e+05 6.228750386240941017e-01 3.771249613759058983e-01
7.000000000000000000e+00 1.650000000000000000e+05 6.450212350353909940e-01 3.549787649646090060e-01
8.000000000000000000e+00 1.650000000000000000e+05 6.665631102038420686e-01 3.334368897961579314e-01
9.000000000000000000e+00 1.650000000000000000e+05 6.874312022246349407e-01 3.125687977753651148e-01
0.000000000000000000e+00 1.700000000000000000e+05 4.842434726147489821e-01 5.157565273852510179e-01
1.000000000000000000e+00 1.700000000000000000e+05 5.081015307500477141e-01 4.918984692499522859e-01
2.000000000000000000e+00 1.700000000000000000e+05 5.319227446042911200e-01 4.680772553957089355e-01
3.000000000000000000e+00 1.700000000000000000e+05 5.555993322112506849e-01 4.444006677887492596e-01
4.000000000000000000e+00 1.700000000000000000e+05 5.790261183561319358e-01 4.209738816438680642e-01
5.000000000000000000e+00 1.700000000000000000e+05 6.021023743328994815e-01 3.978976256671004630e-01
6.000000000000000000e+00 1.700000000000000000e+05 6.247334914694022689e-01 3.752665085305977311e-01
7.000000000000000000e+00 1.700000000000000000e+05 6.468324318256777339e-01 3.531675681743223216e-01
8.000000000000000000e+00 1.700000000000000000e+05 6.683209131026277561e-01 3.316790868973722439e-01
9.000000000000000000e+00 1.700000000000000000e+05 6.891303002956769008e-01 3.108696997043230992e-01
0.000000000000000000e+00 1.750000000000000000e+05 4.862215826419006293e-01 5.137784173580993707e-01
1.000000000000000000e+00 1.750000000000000000e+05 5.100807132966822532e-01 4.899192867033177468e-01
2.000000000000000000e+00 1.750000000000000000e+05 5.338940052958105476e-01 4.661059947041895080e-01
3.000000000000000000e+00 1.750000000000000000e+05 5.575538200716657622e-01 4.424461799283342378e-01
4.000000000000000000e+00 1.750000000000000000e+05 5.809552831873445733e-01 4.190447168126554822e-01
5.000000000000000000e+00 1.750000000000000000e+05 6.039981127361673252e-01 3.960018872638326748e-01
6.000000000000000000e+00 1.750000000000000000e+05 6.265882763632848462e-01 3.734117236367151538e-01
7.000000000000000000e+00 1.750000000000000000e+05 6.486394213433025469e-01 3.513605786566974531e-01
8.000000000000000000e+00 1.750000000000000000e+05 6.700740359840099414e-01 3.299259640159900586e-01
9.000000000000000000e+00 1.750000000000000000e+05 6.908243162187754915e-01 3.091756837812245640e-01
0.000000000000000000e+00 1.800000000000000000e+05 4.882001244017162289e-01 5.117998755982837711e-01
1.000000000000000000e+00 1.800000000000000000e+05 5.120595798628890805e-01 4.879404201371109195e-01
2.000000000000000000e+00 1.800000000000000000e+05 5.358642080300413113e-01 4.641357919699586332e-01
3.000000000000000000e+00 1.800000000000000000e+05 5.595065270836088178e-01 4.404934729163912377e-01
4.000000000000000000e+00 1.800000000000000000e+05 5.828819759874726003e-01 4.171180240125273442e-01
5.000000000000000000e+00 1.800000000000000000e+05 6.058907310713753658e-01 3.941092689286246342e-01
6.000000000000000000e+00 1.800000000000000000e+05 6.284393461648143386e-01 3.715606538351857169e-01
7.000000000000000000e+00 1.800000000000000000e+05 6.504421617657564214e-01 3.495578382342435786e-01
8.000000000000000000e+00 1.800000000000000000e+05 6.718224427592822678e-01 3.281775572407176766e-01
9.000000000000000000e+00 1.800000000000000000e+05 6.925132198795566074e-01 3.074867801204433926e-01
0.000000000000000000e+00 1.850000000000000000e+05 4.901790359735082037e-01 5.098209640264917963e-01
1.000000000000000000e+00 1.850000000000000000e+05 5.140380684872751793e-01 4.859619315127248207e-01
2.000000000000000000e+00 1.850000000000000000e+05 5.378332919279211755e-01 4.621667080720788801e-01
3.000000000000000000e+00 1.850000000000000000e+05 5.614573945319257797e-01 4.385426054680742203e-01
4.000000000000000000e+00 1.850000000000000000e+05 5.848061412050775676e-01 4.151938587949224879e-01
5.000000000000000000e+00 1.850000000000000000e+05 6.077801778337632577e-01 3.922198221662367423e-01
6.000000000000000000e+00 1.850000000000000000e+05 6.302866541542399004e-01 3.697133458457600996e-01
7.000000000000000000e+00 1.850000000000000000e+05 6.522406117328398700e-01 3.477593882671600745e-01
8.000000000000000000e+00 1.850000000000000000e+05 6.735660978286146516e-01 3.264339021713853484e-01
9.000000000000000000e+00 1.850000000000000000e+05 6.941969816647773905e-01 3.058030183352226095e-01
0.000000000000000000e+00 1.900000000000000000e+05 4.921582553902430490e-01 5.078417446097569510e-01
1.000000000000000000e+00 1.900000000000000000e+05 5.160161172558113130e-01 4.839838827441886315e-01
2.000000000000000000e+00 1.900000000000000000e+05 5.398011962496376270e-01 4.601988037503623175e-01
3.000000000000000000e+00 1.900000000000000000e+05 5.634063639272944846e-01 4.365936360727055154e-01
4.000000000000000000e+00 1.900000000000000000e+05 5.867277235926839918e-01 4.132722764073160082e-01
5.000000000000000000e+00 1.900000000000000000e+05 6.096664018896134074e-01 3.903335981103865371e-01
6.000000000000000000e+00 1.900000000000000000e+05 6.321301540369479444e-01 3.678698459630520001e-01
7.000000000000000000e+00 1.900000000000000000e+05 6.540347303494227216e-01 3.459652696505773339e-01
8.000000000000000000e+00 1.900000000000000000e+05 6.753049660826055955e-01 3.246950339173944045e-01
9.000000000000000000e+00 1.900000000000000000e+05 6.958755724627239125e-01 3.041244275372760320e-01
0.000000000000000000e+00 1.950000000000000000e+05 4.941377206462972405e-01 5.058622793537027595e-01
1.000000000000000000e+00 1.950000000000000000e+05 5.179936643095730542e-01 4.820063356904268903e-01
2.000000000000000000e+00 1.950000000000000000e+05 5.417678604020608191e-01 4.582321395979391809e-01
3.000000000000000000e+00 1.950000000000000000e+05 5.653533770130665381e-01 4.346466229869334064e-01
4.000000000000000000e+00 1.950000000000000000e+05 5.886466682127978745e-01 4.113533317872021255e-01
5.000000000000000000e+00 1.950000000000000000e+05 6.115493524812543047e-01 3.884506475187456398e-01
6.000000000000000000e+00 1.950000000000000000e+05 6.339697999473242751e-01 3.660302000526757249e-01
7.000000000000000000e+00 1.950000000000000000e+05 6.558244771881014401e-01 3.441755228118985044e-01
8.000000000000000000e+00 1.950000000000000000e+05 6.770390129037366922e-01 3.229609870962633078e-01
9.000000000000000000e+00 1.950000000000000000e+05 6.975489636635169299e-01 3.024510363364830701e-01
