1.000000000000000000e+00 0.000000000000000000e+00 0.000000000000000000e+00 0.000000000000000000e+00 0.000000000000000000e+00 0.000000000000000000e+00 3.938069513041821956e-01 6.061930486958178044e-01
1.000000000000000000e+00 1.000000000000000000e+00 0.000000000000000000e+00 1.000000000000000000e+00 0.000000000000000000e+00 0.000000000000000000e+00 4.132484661279512972e-01 5.867515338720487028e-01
1.000000000000000000e+00 2.000000000000000000e+00 0.000000000000000000e+00 4.000000000000000000e+00 0.000000000000000000e+00 0.000000000000000000e+00 4.470969649792700951e-01 5.529030350207299049e-01
1.000000000000000000e+00 3.000000000000000000e+00 0.000000000000000000e+00 9.000000000000000000e+00 0.000000000000000000e+00 0.000000000000000000e+00 4.957746379219322153e-01 5.042253620780677847e-01
1.000000000000000000e+00 4.000000000000000000e+00 0.000000000000000000e+00 1.600000000000000000e+01 0.000000000000000000e+00 0.000000000000000000e+00 5.587186706706837036e-01 4.412813293293162409e-01
1.000000000000000000e+00 5.000000000000000000e+00 0.000000000000000000e+00 2.500000000000000000e+01 0.000000000000000000e+00 0.000000000000000000e+00 6.332509134867696510e-01 3.667490865132302935e-01
1.000000000000000000e+00 6.000000000000000000e+00 0.000000000000000000e+00 3.600000000000000000e+01 0.000000000000000000e+00 0.000000000000000000e+00 7.137718521746228006e-01 2.862281478253771994e-01
1.000000000000000000e+00 7.000000000000000000e+00 0.000000000000000000e+00 4.900000000000000000e+01 0.000000000000000000e+00 0.000000000000000000e+00 7.922792919791695754e-01 2.077207080208303969e-01
1.000000000000000000e+00 8.000000000000000000e+00 0.000000000000000000e+00 6.400000000000000000e+01 0.000000000000000000e+00 0.000000000000000000e+00 8.606890667053612720e-01 1.393109332946387557e-01
1.000000000000000000e+00 9.000000000000000000e+00 0.000000000000000000e+00 8.100000000000000000e+01 0.000000000000000000e+00 0.000000000000000000e+00 9.137802120535716277e-01 8.621978794642840005e-02
1.000000000000000000e+00 0.000000000000000000e+00 5.000000000000000000e+03 0.000000000000000000e+00 0.000000000000000000e+00 2.500000000000000000e+07 4.030882925326072508e-01 5.969117074673927492e-01
1.000000000000000000e+00 1.000000000000000000e+00 5.000000000000000000e+03 1.000000000000000000e+00 5.000000000000000000e+03 2.500000000000000000e+07 4.192778215237676909e-01 5.807221784762323091e-01
1.000000000000000000e+00 2.000000000000000000e+00 5.000000000000000000e+03 4.000000000000000000e+00 1.000000000000000000e+04 2.500000000000000000e+07 4.497938132773767750e-01 5.502061867226232250e-01
1.000000000000000000e+00 3.000000000000000000e+00 5.000000000000000000e+03 9.000000000000000000e+00 1.500000000000000000e+04 2.500000000000000000e+07 4.950229420072967956e-01 5.049770579927032044e-01
1.000000000000000000e+00 4.000000000000000000e+00 5.000000000000000000e+03 1.600000000000000000e+01 2.000000000000000000e+04 2.500000000000000000e+07 5.545435977508422765e-01 4.454564022491577235e-01
1.000000000000000000e+00 5.000000000000000000e+00 5.000000000000000000e+03 2.500000000000000000e+01 2.500000000000000000e+04 2.500000000000000000e+07 6.260623768177038251e-01 3.739376231822961749e-01
1.000000000000000000e+00 6.000000000000000000e+00 5.000000000000000000e+03 3.600000000000000000e+01 3.000000000000000000e+04 2.500000000000000000e+07 7.045450678381544041e-01 2.954549321618455404e-01
1.000000000000000000e+00 7.000000000000000000e+00 5.000000000000000000e+03 4.900000000000000000e+01 3.500000000000000000e+04 2.500000000000000000e+07 7.824618602799786604e-01 2.175381397200213951e-01
1.000000000000000000e+00 8.000000000000000000e+00 5.000000000000000000e+03 6.400000000000000000e+01 4.000000000000000000e+04 2.500000000000000000e+07 8.517592167358422062e-01 1.482407832641577661e-01
1.000000000000000000e+00 9.000000000000000000e+00 5.000000000000000000e+03 8.100000000000000000e+01 4.500000000000000000e+04 2.500000000000000000e+07 9.067194150547243092e-01 9.328058494527564914e-02
1.000000000000000000e+00 0.000000000000000000e+00 1.000000000000000000e+04 0.000000000000000000e+00 0.000000000000000000e+00 1.000000000000000000e+08 4.130915234699831240e-01 5.869084765300168760e-01
1.000000000000000000e+00 1.000000000000000000e+00 1.000000000000000000e+04 1.000000000000000000e+00 1.000000000000000000e+04 1.000000000000000000e+08 4.259889556270258781e-01 5.740110443729741219e-01
1.000000000000000000e+00 2.000000000000000000e+00 1.000000000000000000e+04 4.000000000000000000e+00 2.000000000000000000e+04 1.000000000000000000e+08 4.531600726350586417e-01 5.468399273649413583e-01
1.000000000000000000e+00 3.000000000000000000e+00 1.000000000000000000e+04 9.000000000000000000e+00 3.000000000000000000e+04 1.000000000000000000e+08 4.949436328208177693e-01 5.050563671791822307e-01
1.000000000000000000e+00 4.000000000000000000e+00 1.000000000000000000e+04 1.600000000000000000e+01 4.000000000000000000e+04 1.000000000000000000e+08 5.510263430797701645e-01 4.489736569202298355e-01
1.000000000000000000e+00 5.000000000000000000e+00 1.000000000000000000e+04 2.500000000000000000e+01 5.000000000000000000e+04 1.000000000000000000e+08 6.194520202825066768e-01 3.805479797174932677e-01
1.000000000000000000e+00 6.000000000000000000e+00 1.000000000000000000e+04 3.600000000000000000e+01 6.000000000000000000e+04 1.000000000000000000e+08 6.957175939557531663e-01 3.042824060442468337e-01
1.000000000000000000e+00 7.000000000000000000e+00 1.000000000000000000e+04 4.900000000000000000e+01 7.000000000000000000e+04 1.000000000000000000e+08 7.727864117336724625e-01 2.272135882663275097e-01
1.000000000000000000e+00 8.000000000000000000e+00 1.000000000000000000e+04 6.400000000000000000e+01 8.000000000000000000e+04 1.000000000000000000e+08 8.427186415064942260e-01 1.572813584935058295e-01
1.000000000000000000e+00 9.000000000000000000e+00 1.000000000000000000e+04 8.100000000000000000e+01 9.000000000000000000e+04 1.000000000000000000e+08 8.993878657395961707e-01 1.006121342604038432e-01
1.000000000000000000e+00 0.000000000000000000e+00 1.500000000000000000e+04 0.000000000000000000e+00 0.000000000000000000e+00 2.250000000000000000e+08 4.238237110543884301e-01 5.761762889456115699e-01
1.000000000000000000e+00 1.000000000000000000e+00 1.500000000000000000e+04 1.000000000000000000e+00 1.500000000000000000e+04 2.250000000000000000e+08 4.333878544251652531e-01 5.666121455748347469e-01
1.000000000000000000e+00 2.000000000000000000e+00 1.500000000000000000e+04 4.000000000000000000e+00 3.000000000000000000e+04 2.250000000000000000e+08 4.571980588831433545e-01 5.428019411168566455e-01
1.000000000000000000e+00 3.000000000000000000e+00 1.500000000000000000e+04 9.000000000000000000e+00 4.500000000000000000e+04 2.250000000000000000e+08 4.955367043756185863e-01 5.044632956243814137e-01
1.000000000000000000e+00 4.000000000000000000e+00 1.500000000000000000e+04 1.600000000000000000e+01 6.000000000000000000e+04 2.250000000000000000e+08 5.481702650380955166e-01 4.518297349619044834e-01
1.000000000000000000e+00 5.000000000000000000e+00 1.500000000000000000e+04 2.500000000000000000e+01 7.500000000000000000e+04 2.250000000000000000e+08 6.134351062686917988e-01 3.865648937313082012e-01
1.000000000000000000e+00 6.000000000000000000e+00 1.500000000000000000e+04 3.600000000000000000e+01 9.000000000000000000e+04 2.250000000000000000e+08 6.873219936560430732e-01 3.126780063439568713e-01
1.000000000000000000e+00 7.000000000000000000e+00 1.500000000000000000e+04 4.900000000000000000e+01 1.050000000000000000e+05 2.250000000000000000e+08 7.632973931939645018e-01 2.367026068060354704e-01
1.000000000000000000e+00 8.000000000000000000e+00 1.500000000000000000e+04 6.400000000000000000e+01 1.200000000000000000e+05 2.250000000000000000e+08 8.336080888753132356e-01 1.663919111246867644e-01
1.000000000000000000e+00 9.000000000000000000e+00 1.500000000000000000e+04 8.100000000000000000e+01 1.350000000000000000e+05 2.250000000000000000e+08 8.918088015099350230e-01 1.081911984900649215e-01
1.000000000000000000e+00 0.000000000000000000e+00 2.000000000000000000e+04 0.000000000000000000e+00 0.000000000000000000e+00 4.000000000000000000e+08 4.352893065259303418e-01 5.647106934740696582e-01
1.000000000000000000e+00 1.000000000000000000e+00 2.000000000000000000e+04 1.000000000000000000e+00 2.000000000000000000e+04 4.000000000000000000e+08 4.414796991327285536e-01 5.585203008672714464e-01
1.000000000000000000e+00 2.000000000000000000e+00 2.000000000000000000e+04 4.000000000000000000e+00 4.000000000000000000e+04 4.000000000000000000e+08 4.619101486311626426e-01 5.380898513688373574e-01
1.000000000000000000e+00 3.000000000000000000e+00 2.000000000000000000e+04 9.000000000000000000e+00 6.000000000000000000e+04 4.000000000000000000e+08 4.968021973435888805e-01 5.031978026564111195e-01
1.000000000000000000e+00 4.000000000000000000e+00 2.000000000000000000e+04 1.600000000000000000e+01 8.000000000000000000e+04 4.000000000000000000e+08 5.459778490886966207e-01 4.540221509113033238e-01
1.000000000000000000e+00 5.000000000000000000e+00 2.000000000000000000e+04 2.500000000000000000e+01 1.000000000000000000e+05 4.000000000000000000e+08 6.080245959198609107e-01 3.919754040801390893e-01
1.000000000000000000e+00 6.000000000000000000e+00 2.000000000000000000e+04 3.600000000000000000e+01 1.200000000000000000e+05 4.000000000000000000e+08 6.793878611597031769e-01 3.206121388402968231e-01
1.000000000000000000e+00 7.000000000000000000e+00 2.000000000000000000e+04 4.900000000000000000e+01 1.400000000000000000e+05 4.000000000000000000e+08 7.540376734132951952e-01 2.459623265867047492e-01
1.000000000000000000e+00 8.000000000000000000e+00 2.000000000000000000e+04 6.400000000000000000e+01 1.600000000000000000e+05 4.000000000000000000e+08 8.244695730392304078e-01 1.755304269607695922e-01
1.000000000000000000e+00 9.000000000000000000e+00 2.000000000000000000e+04 8.100000000000000000e+01 1.800000000000000000e+05 4.000000000000000000e+08 8.840087027982094225e-01 1.159912972017906052e-01
1.000000000000000000e+00 0.000000000000000000e+00 2.500000000000000000e+04 0.000000000000000000e+00 0.000000000000000000e+00 6.250000000000000000e+08 4.474894681468229996e-01 5.525105318531770004e-01
1.000000000000000000e+00 1.000000000000000000e+00 2.500000000000000000e+04 1.000000000000000000e+00 2.500000000000000000e+04 6.250000000000000000e+08 4.502684444252881280e-01 5.497315555747118720e-01
1.000000000000000000e+00 2.000000000000000000e+00 2.500000000000000000e+04 4.000000000000000000e+00 5.000000000000000000e+04 6.250000000000000000e+08 4.672985604852095687e-01 5.327014395147904313e-01
1.000000000000000000e+00 3.000000000000000000e+00 2.500000000000000000e+04 9.000000000000000000e+00 7.500000000000000000e+04 6.250000000000000000e+08 4.987401668781087372e-01 5.012598331218912628e-01
1.000000000000000000e+00 4.000000000000000000e+00 2.500000000000000000e+04 1.600000000000000000e+01 1.000000000000000000e+05 6.250000000000000000e+08 5.444508558597975778e-01 4.555491441402024222e-01
1.000000000000000000e+00 5.000000000000000000e+00 2.500000000000000000e+04 2.500000000000000000e+01 1.250000000000000000e+05 6.250000000000000000e+08 6.032313747850431840e-01 3.967686252149568160e-01
1.000000000000000000e+00 6.000000000000000000e+00 2.500000000000000000e+04 3.600000000000000000e+01 1.500000000000000000e+05 6.250000000000000000e+08 6.719418648708208597e-01 3.280581351291791403e-01
1.000000000000000000e+00 7.000000000000000000e+00 2.500000000000000000e+04 4.900000000000000000e+01 1.750000000000000000e+05 6.250000000000000000e+08 7.450482136884655215e-01 2.549517863115345340e-01
1.000000000000000000e+00 8.000000000000000000e+00 2.500000000000000000e+04 6.400000000000000000e+01 2.000000000000000000e+05 6.250000000000000000e+08 8.153458835197946453e-01 1.846541164802053825e-01
1.000000000000000000e+00 9.000000000000000000e+00 2.500000000000000000e+04 8.100000000000000000e+01 2.250000000000000000e+05 6.250000000000000000e+08 8.760170516627987514e-01 1.239829483372012348e-01
1.000000000000000000e+00 0.000000000000000000e+00 3.000000000000000000e+04 0.000000000000000000e+00 0.000000000000000000e+00 9.000000000000000000e+08 4.604213410129810446e-01 5.395786589870189554e-01
1.000000000000000000e+00 1.000000000000000000e+00 3.000000000000000000e+04 1.000000000000000000e+00 3.000000000000000000e+04 9.000000000000000000e+08 4.597563513247941991e-01 5.402436486752058009e-01
1.000000000000000000e+00 2.000000000000000000e+00 3.000000000000000000e+04 4.000000000000000000e+00 6.000000000000000000e+04 9.000000000000000000e+08 4.733650976081950068e-01 5.266349023918049932e-01
1.000000000000000000e+00 3.000000000000000000e+00 3.000000000000000000e+04 9.000000000000000000e+00 9.000000000000000000e+04 9.000000000000000000e+08 5.013506139444184884e-01 4.986493860555815116e-01
1.000000000000000000e+00 4.000000000000000000e+00 3.000000000000000000e+04 1.600000000000000000e+01 1.200000000000000000e+05 9.000000000000000000e+08 5.435904358910741418e-01 4.564095641089258582e-01
1.000000000000000000e+00 5.000000000000000000e+00 3.000000000000000000e+04 2.500000000000000000e+01 1.500000000000000000e+05 9.000000000000000000e+08 5.990644702195189186e-01 4.009355297804810259e-01
1.000000000000000000e+00 6.000000000000000000e+00 3.000000000000000000e+04 3.600000000000000000e+01 1.800000000000000000e+05 9.000000000000000000e+08 6.650078326400452600e-01 3.349921673599547400e-01
1.000000000000000000e+00 7.000000000000000000e+00 3.000000000000000000e+04 4.900000000000000000e+01 2.100000000000000000e+05 9.000000000000000000e+08 7.363678007810642301e-01 2.636321992189357699e-01
1.000000000000000000e+00 8.000000000000000000e+00 3.000000000000000000e+04 6.400000000000000000e+01 2.400000000000000000e+05 9.000000000000000000e+08 8.062801008193198893e-01 1.937198991806801385e-01
1.000000000000000000e+00 9.000000000000000000e+00 3.000000000000000000e+04 8.100000000000000000e+01 2.700000000000000000e+05 9.000000000000000000e+08 8.678660330317391480e-01 1.321339669682608520e-01
1.000000000000000000e+00 0.000000000000000000e+00 3.500000000000000000e+04 0.000000000000000000e+00 0.000000000000000000e+00 1.225000000000000000e+09 4.740773070872815742e-01 5.259226929127184258e-01
1.000000000000000000e+00 1.000000000000000000e+00 3.500000000000000000e+04 1.000000000000000000e+00 3.500000000000000000e+04 1.225000000000000000e+09 4.699434772079121858e-01 5.300565227920878142e-01
1.000000000000000000e+00 2.000000000000000000e+00 3.500000000000000000e+04 4.000000000000000000e+00 7.000000000000000000e+04 1.225000000000000000e+09 4.801108513955708590e-01 5.198891486044291410e-01
1.000000000000000000e+00 3.000000000000000000e+00 3.500000000000000000e+04 9.000000000000000000e+00 1.050000000000000000e+05 1.225000000000000000e+09 5.046333801600393354e-01 4.953666198399606091e-01
1.000000000000000000e+00 4.000000000000000000e+00 3.500000000000000000e+04 1.600000000000000000e+01 1.400000000000000000e+05 1.225000000000000000e+09 5.433972100621753398e-01 4.566027899378246602e-01
1.000000000000000000e+00 5.000000000000000000e+00 3.500000000000000000e+04 2.500000000000000000e+01 1.750000000000000000e+05 1.225000000000000000e+09 5.955312547305657844e-01 4.044687452694342711e-01
1.000000000000000000e+00 6.000000000000000000e+00 3.500000000000000000e+04 3.600000000000000000e+01 2.100000000000000000e+05 1.225000000000000000e+09 6.586068701988543328e-01 3.413931298011457227e-01
1.000000000000000000e+00 7.000000000000000000e+00 3.500000000000000000e+04 4.900000000000000000e+01 2.450000000000000000e+05 1.225000000000000000e+09 7.280328421117172599e-01 2.719671578882826846e-01
1.000000000000000000e+00 8.000000000000000000e+00 3.500000000000000000e+04 6.400000000000000000e+01 2.800000000000000000e+05 1.225000000000000000e+09 7.973151310172579276e-01 2.026848689827420447e-01
1.000000000000000000e+00 9.000000000000000000e+00 3.500000000000000000e+04 8.100000000000000000e+01 3.150000000000000000e+05 1.225000000000000000e+09 8.595901867162980547e-01 1.404098132837020008e-01
1.000000000000000000e+00 0.000000000000000000e+00 4.000000000000000000e+04 0.000000000000000000e+00 0.000000000000000000e+00 1.600000000000000000e+09 4.884442235262826948e-01 5.115557764737173052e-01
1.000000000000000000e+00 1.000000000000000000e+00 4.000000000000000000e+04 1.000000000000000000e+00 4.000000000000000000e+04 1.600000000000000000e+09 4.808271276040746445e-01 5.191728723959253555e-01
1.000000000000000000e+00 2.000000000000000000e+00 4.000000000000000000e+04 4.000000000000000000e+00 8.000000000000000000e+04 1.600000000000000000e+09 4.875358666834271881e-01 5.124641333165728119e-01
1.000000000000000000e+00 3.000000000000000000e+00 4.000000000000000000e+04 9.000000000000000000e+00 1.200000000000000000e+05 1.600000000000000000e+09 5.085880062250273115e-01 4.914119937749726885e-01
1.000000000000000000e+00 4.000000000000000000e+00 4.000000000000000000e+04 1.600000000000000000e+01 1.600000000000000000e+05 1.600000000000000000e+09 5.438713150857307221e-01 4.561286849142692779e-01
1.000000000000000000e+00 5.000000000000000000e+00 4.000000000000000000e+04 2.500000000000000000e+01 2.000000000000000000e+05 1.600000000000000000e+09 5.926376304538871764e-01 4.073623695461127681e-01
1.000000000000000000e+00 6.000000000000000000e+00 4.000000000000000000e+04 3.600000000000000000e+01 2.400000000000000000e+05 1.600000000000000000e+09 6.527575039004900326e-01 3.472424960995099674e-01
1.000000000000000000e+00 7.000000000000000000e+00 4.000000000000000000e+04 4.900000000000000000e+01 2.800000000000000000e+05 1.600000000000000000e+09 7.200772210380183003e-01 2.799227789619816997e-01
1.000000000000000000e+00 8.000000000000000000e+00 4.000000000000000000e+04 6.400000000000000000e+01 3.200000000000000000e+05 1.600000000000000000e+09 7.884932700519630133e-01 2.115067299480370144e-01
1.000000000000000000e+00 9.000000000000000000e+00 4.000000000000000000e+04 8.100000000000000000e+01 3.600000000000000000e+05 1.600000000000000000e+09 8.512260199724246412e-01 1.487739800275753865e-01
1.000000000000000000e+00 0.000000000000000000e+00 4.500000000000000000e+04 0.000000000000000000e+00 0.000000000000000000e+00 2.025000000000000000e+09 5.035026727087609233e-01 4.964973272912390767e-01
1.000000000000000000e+00 1.000000000000000000e+00 4.500000000000000000e+04 1.000000000000000000e+00 4.500000000000000000e+04 2.025000000000000000e+09 4.924012771219551388e-01 5.075987228780448612e-01
1.000000000000000000e+00 2.000000000000000000e+00 4.500000000000000000e+04 4.000000000000000000e+00 9.000000000000000000e+04 2.025000000000000000e+09 4.956387698279262066e-01 5.043612301720737934e-01
1.000000000000000000e+00 3.000000000000000000e+00 4.500000000000000000e+04 9.000000000000000000e+00 1.350000000000000000e+05 2.025000000000000000e+09 5.132135541949505164e-01 4.867864458050495391e-01
1.000000000000000000e+00 4.000000000000000000e+00 4.500000000000000000e+04 1.600000000000000000e+01 1.800000000000000000e+05 2.025000000000000000e+09 5.450124137404117608e-01 4.549875862595881837e-01
1.000000000000000000e+00 5.000000000000000000e+00 4.500000000000000000e+04 2.500000000000000000e+01 2.250000000000000000e+05 2.025000000000000000e+09 5.903881908581145588e-01 4.096118091418853857e-01
1.000000000000000000e+00 6.000000000000000000e+00 4.500000000000000000e+04 3.600000000000000000e+01 2.700000000000000000e+05 2.025000000000000000e+09 6.474758393139468104e-01 3.525241606860531340e-01
1.000000000000000000e+00 7.000000000000000000e+00 4.500000000000000000e+04 4.900000000000000000e+01 3.150000000000000000e+05 2.025000000000000000e+09 7.125322081947977892e-01 2.874677918052022108e-01
1.000000000000000000e+00 8.000000000000000000e+00 4.500000000000000000e+04 6.400000000000000000e+01 3.600000000000000000e+05 2.025000000000000000e+09 7.798558065400800210e-01 2.201441934599199235e-01
1.000000000000000000e+00 9.000000000000000000e+00 4.500000000000000000e+04 8.100000000000000000e+01 4.050000000000000000e+05 2.025000000000000000e+09 8.428115915683591641e-01 1.571884084316408636e-01
1.000000000000000000e+00 0.000000000000000000e+00 5.000000000000000000e+04 0.000000000000000000e+00 0.000000000000000000e+00 2.500000000000000000e+09 5.192262528155179302e-01 4.807737471844820698e-01
1.000000000000000000e+00 1.000000000000000000e+00 5.000000000000000000e+04 1.000000000000000000e+00 5.000000000000000000e+04 2.500000000000000000e+09 5.046559699672814592e-01 4.953440300327184853e-01
1.000000000000000000e+00 2.000000000000000000e+00 5.000000000000000000e+04 4.000000000000000000e+00 1.000000000000000000e+05 2.500000000000000000e+09 5.044163622255917190e-01 4.955836377744083365e-01
1.000000000000000000e+00 3.000000000000000000e+00 5.000000000000000000e+04 9.000000000000000000e+00 1.500000000000000000e+05 2.500000000000000000e+09 5.185083941509051053e-01 4.814916058490948947e-01
1.000000000000000000e+00 4.000000000000000000e+00 5.000000000000000000e+04 1.600000000000000000e+01 2.000000000000000000e+05 2.500000000000000000e+09 5.468196697735570044e-01 4.531803302264429956e-01
1.000000000000000000e+00 5.000000000000000000e+00 5.000000000000000000e+04 2.500000000000000000e+01 2.500000000000000000e+05 2.500000000000000000e+09 5.887863565926367837e-01 4.112136434073631608e-01
1.000000000000000000e+00 6.000000000000000000e+00 5.000000000000000000e+04 3.600000000000000000e+01 3.000000000000000000e+05 2.500000000000000000e+09 6.427757278295557208e-01 3.572242721704442792e-01
1.000000000000000000e+00 7.000000000000000000e+00 5.000000000000000000e+04 4.900000000000000000e+01 3.500000000000000000e+05 2.500000000000000000e+09 7.054264234389064914e-01 2.945735765610935641e-01
1.000000000000000000e+00 8.000000000000000000e+00 5.000000000000000000e+04 6.400000000000000000e+01 4.000000000000000000e+05 2.500000000000000000e+09 7.714426698591755338e-01 2.285573301408244384e-01
1.000000000000000000e+00 9.000000000000000000e+00 5.000000000000000000e+04 8.100000000000000000e+01 4.500000000000000000e+05 2.500000000000000000e+09 8.343860789645112241e-01 1.656139210354888036e-01
1.000000000000000000e+00 0.000000000000000000e+00 5.500000000000000000e+04 0.000000000000000000e+00 0.000000000000000000e+00 3.025000000000000000e+09 5.355809429480575812e-01 4.644190570519424188e-01
1.000000000000000000e+00 1.000000000000000000e+00 5.500000000000000000e+04 1.000000000000000000e+00 5.500000000000000000e+04 3.025000000000000000e+09 5.175767140206193329e-01 4.824232859793806671e-01
1.000000000000000000e+00 2.000000000000000000e+00 5.500000000000000000e+04 4.000000000000000000e+00 1.100000000000000000e+05 3.025000000000000000e+09 5.138631834031801571e-01 4.861368165968197874e-01
1.000000000000000000e+00 3.000000000000000000e+00 5.500000000000000000e+04 9.000000000000000000e+00 1.650000000000000000e+05 3.025000000000000000e+09 5.244699562818773142e-01 4.755300437181227413e-01
1.000000000000000000e+00 4.000000000000000000e+00 5.500000000000000000e+04 1.600000000000000000e+01 2.200000000000000000e+05 3.025000000000000000e+09 5.492916876478692867e-01 4.507083123521307133e-01
1.000000000000000000e+00 5.000000000000000000e+00 5.500000000000000000e+04 2.500000000000000000e+01 2.750000000000000000e+05 3.025000000000000000e+09 5.878344831159632022e-01 4.121655168840368533e-01
1.000000000000000000e+00 6.000000000000000000e+00 5.500000000000000000e+04 3.600000000000000000e+01 3.300000000000000000e+05 3.025000000000000000e+09 6.386689341808102771e-01 3.613310658191897784e-01
1.000000000000000000e+00 7.000000000000000000e+00 5.500000000000000000e+04 4.900000000000000000e+01 3.850000000000000000e+05 3.025000000000000000e+09 6.987858419058345927e-01 3.012141580941654073e-01
1.000000000000000000e+00 8.000000000000000000e+00 5.500000000000000000e+04 6.400000000000000000e+01 4.400000000000000000e+05 3.025000000000000000e+09 7.632921279945036330e-01 2.367078720054963947e-01
1.000000000000000000e+00 9.000000000000000000e+00 5.500000000000000000e+04 8.100000000000000000e+01 4.950000000000000000e+05 3.025000000000000000e+09 8.259893403090891040e-01 1.740106596909108683e-01
1.000000000000000000e+00 0.000000000000000000e+00 6.000000000000000000e+04 0.000000000000000000e+00 0.000000000000000000e+00 3.600000000000000000e+09 5.525245810867829288e-01 4.474754189132171267e-01
1.000000000000000000e+00 1.000000000000000000e+00 6.000000000000000000e+04 1.000000000000000000e+00 6.000000000000000000e+04 3.600000000000000000e+09 5.311438862020185780e-01 4.688561137979813664e-01
1.000000000000000000e+00 2.000000000000000000e+00 6.000000000000000000e+04 4.000000000000000000e+00 1.200000000000000000e+05 3.600000000000000000e+09 5.239710496979903542e-01 4.760289503020097013e-01
1.000000000000000000e+00 3.000000000000000000e+00 6.000000000000000000e+04 9.000000000000000000e+00 1.800000000000000000e+05 3.600000000000000000e+09 5.310944500438560256e-01 4.689055499561439744e-01
1.000000000000000000e+00 4.000000000000000000e+00 6.000000000000000000e+04 1.600000000000000000e+01 2.400000000000000000e+05 3.600000000000000000e+09 5.524264175735937865e-01 4.475735824264062135e-01
1.000000000000000000e+00 5.000000000000000000e+00 6.000000000000000000e+04 2.500000000000000000e+01 3.000000000000000000e+05 3.600000000000000000e+09 5.875339383745026289e-01 4.124660616254973711e-01
1.000000000000000000e+00 6.000000000000000000e+00 6.000000000000000000e+04 3.600000000000000000e+01 3.600000000000000000e+05 3.600000000000000000e+09 6.351652986089373343e-01 3.648347013910626102e-01
1.000000000000000000e+00 7.000000000000000000e+00 6.000000000000000000e+04 4.900000000000000000e+01 4.200000000000000000e+05 3.600000000000000000e+09 6.926338370345337392e-01 3.073661629654662053e-01
1.000000000000000000e+00 8.000000000000000000e+00 6.000000000000000000e+04 6.400000000000000000e+01 4.800000000000000000e+05 3.600000000000000000e+09 7.554405374540021922e-01 2.445594625459978355e-01
1.000000000000000000e+00 9.000000000000000000e+00 6.000000000000000000e+04 8.100000000000000000e+01 5.400000000000000000e+05 3.600000000000000000e+09 8.176614825195085423e-01 1.823385174804914299e-01
1.000000000000000000e+00 0.000000000000000000e+00 6.500000000000000000e+04 0.000000000000000000e+00 0.000000000000000000e+00 4.225000000000000000e+09 5.700064960605423225e-01 4.299935039394576775e-01
1.000000000000000000e+00 1.000000000000000000e+00 6.500000000000000000e+04 1.000000000000000000e+00 6.500000000000000000e+04 4.225000000000000000e+09 5.453321706629803423e-01 4.546678293370196577e-01
1.000000000000000000e+00 2.000000000000000000e+00 6.500000000000000000e+04 4.000000000000000000e+00 1.300000000000000000e+05 4.225000000000000000e+09 5.347285767560514547e-01 4.652714232439486008e-01
1.000000000000000000e+00 3.000000000000000000e+00 6.500000000000000000e+04 9.000000000000000000e+00 1.950000000000000000e+05 4.225000000000000000e+09 5.383765529210779999e-01 4.616234470789220556e-01
1.000000000000000000e+00 4.000000000000000000e+00 6.500000000000000000e+04 1.600000000000000000e+01 2.600000000000000000e+05 4.225000000000000000e+09 5.562210265866780468e-01 4.437789734133218977e-01
1.000000000000000000e+00 5.000000000000000000e+00 6.500000000000000000e+04 2.500000000000000000e+01 3.250000000000000000e+05 4.225000000000000000e+09 5.878851493585890431e-01 4.121148506414110124e-01
1.000000000000000000e+00 6.000000000000000000e+00 6.500000000000000000e+04 3.600000000000000000e+01 3.900000000000000000e+05 4.225000000000000000e+09 6.322728882471049250e-01 3.677271117528950750e-01
1.000000000000000000e+00 7.000000000000000000e+00 6.500000000000000000e+04 4.900000000000000000e+01 4.550000000000000000e+05 4.225000000000000000e+09 6.869912531135728972e-01 3.130087468864271028e-01
1.000000000000000000e+00 8.000000000000000000e+00 6.500000000000000000e+04 6.400000000000000000e+01 5.200000000000000000e+05 4.225000000000000000e+09 7.479221454949777081e-01 2.520778545050222919e-01
1.000000000000000000e+00 9.000000000000000000e+00 6.500000000000000000e+04 8.100000000000000000e+01 5.850000000000000000e+05 4.225000000000000000e+09 8.094424458089615193e-01 1.905575541910385085e-01
1.000000000000000000e+00 0.000000000000000000e+00 7.000000000000000000e+04 0.000000000000000000e+00 0.000000000000000000e+00 4.900000000000000000e+09 5.879673354599005419e-01 4.120326645400994581e-01
1.000000000000000000e+00 1.000000000000000000e+00 7.000000000000000000e+04 1.000000000000000000e+00 7.000000000000000000e+04 4.900000000000000000e+09 5.601100549437298959e-01 4.398899450562701041e-01
1.000000000000000000e+00 2.000000000000000000e+00 7.000000000000000000e+04 4.000000000000000000e+00 1.400000000000000000e+05 4.900000000000000000e+09 5.461206965480100983e-01 4.538793034519898462e-01
1.000000000000000000e+00 3.000000000000000000e+00 7.000000000000000000e+04 9.000000000000000000e+00 2.100000000000000000e+05 4.900000000000000000e+09 5.463090724038679458e-01 4.536909275961320542e-01
1.000000000000000000e+00 4.000000000000000000e+00 7.000000000000000000e+04 1.600000000000000000e+01 2.800000000000000000e+05 4.900000000000000000e+09 5.606717368335998319e-01 4.393282631664001681e-01
1.000000000000000000e+00 5.000000000000000000e+00 7.000000000000000000e+04 2.500000000000000000e+01 3.500000000000000000e+05 4.900000000000000000e+09 5.888876168623229379e-01 4.111123831376771176e-01
1.000000000000000000e+00 6.000000000000000000e+00 7.000000000000000000e+04 3.600000000000000000e+01 4.200000000000000000e+05 4.900000000000000000e+09 6.299981331445093646e-01 3.700018668554906354e-01
1.000000000000000000e+00 7.000000000000000000e+00 7.000000000000000000e+04 4.900000000000000000e+01 4.900000000000000000e+05 4.900000000000000000e+09 6.818764998980270109e-01 3.181235001019729891e-01
1.000000000000000000e+00 8.000000000000000000e+00 7.000000000000000000e+04 6.400000000000000000e+01 5.600000000000000000e+05 4.900000000000000000e+09 7.407689430665689301e-01 2.592310569334311254e-01
1.000000000000000000e+00 9.000000000000000000e+00 7.000000000000000000e+04 8.100000000000000000e+01 6.300000000000000000e+05 4.900000000000000000e+09 8.013716137107300685e-01 1.986283862892699037e-01
1.000000000000000000e+00 0.000000000000000000e+00 7.500000000000000000e+04 0.000000000000000000e+00 0.000000000000000000e+00 5.625000000000000000e+09 6.063391294232882700e-01 3.936608705767117855e-01
1.000000000000000000e+00 1.000000000000000000e+00 7.500000000000000000e+04 1.000000000000000000e+00 7.500000000000000000e+04 5.625000000000000000e+09 5.754394122715198456e-01 4.245605877284800989e-01
1.000000000000000000e+00 2.000000000000000000e+00 7.500000000000000000e+04 4.000000000000000000e+00 1.500000000000000000e+05 5.625000000000000000e+09 5.581281822544500448e-01 4.418718177455499552e-01
1.000000000000000000e+00 3.000000000000000000e+00 7.500000000000000000e+04 9.000000000000000000e+00 2.250000000000000000e+05 5.625000000000000000e+09 5.548825861199329079e-01 4.451174138800671476e-01
1.000000000000000000e+00 4.000000000000000000e+00 7.500000000000000000e+04 1.600000000000000000e+01 3.000000000000000000e+05 5.625000000000000000e+09 5.657736327312171687e-01 4.342263672687828313e-01
1.000000000000000000e+00 5.000000000000000000e+00 7.500000000000000000e+04 2.500000000000000000e+01 3.750000000000000000e+05 5.625000000000000000e+09 5.905398982383258666e-01 4.094601017616741889e-01
1.000000000000000000e+00 6.000000000000000000e+00 7.500000000000000000e+04 3.600000000000000000e+01 4.500000000000000000e+05 5.625000000000000000e+09 6.283459431626469138e-01 3.716540568373530862e-01
1.000000000000000000e+00 7.000000000000000000e+00 7.500000000000000000e+04 4.900000000000000000e+01 5.250000000000000000e+05 5.625000000000000000e+09 6.773056620879835954e-01 3.226943379120164601e-01
1.000000000000000000e+00 8.000000000000000000e+00 7.500000000000000000e+04 6.400000000000000000e+01 6.000000000000000000e+05 5.625000000000000000e+09 7.340105653133390806e-01 2.659894346866608639e-01
1.000000000000000000e+00 9.000000000000000000e+00 7.500000000000000000e+04 8.100000000000000000e+01 6.750000000000000000e+05 5.625000000000000000e+09 7.934874560498026419e-01 2.065125439501973581e-01
1.000000000000000000e+00 0.000000000000000000e+00 8.000000000000000000e+04 0.000000000000000000e+00 0.000000000000000000e+00 6.400000000000000000e+09 6.250456249115499130e-01 3.749543750884500315e-01
1.000000000000000000e+00 1.000000000000000000e+00 8.000000000000000000e+04 1.000000000000000000e+00 8.000000000000000000e+04 6.400000000000000000e+09 5.912752002493997239e-01 4.087247997506002206e-01
1.000000000000000000e+00 2.000000000000000000e+00 8.000000000000000000e+04 4.000000000000000000e+00 1.600000000000000000e+05 6.400000000000000000e+09 5.707271970736426114e-01 4.292728029263573886e-01
1.000000000000000000e+00 3.000000000000000000e+00 8.000000000000000000e+04 9.000000000000000000e+00 2.400000000000000000e+05 6.400000000000000000e+09 5.640850666015877479e-01 4.359149333984121966e-01
1.000000000000000000e+00 4.000000000000000000e+00 8.000000000000000000e+04 1.600000000000000000e+01 3.200000000000000000e+05 6.400000000000000000e+09 5.715204393077431000e-01 4.284795606922569555e-01
1.000000000000000000e+00 5.000000000000000000e+00 8.000000000000000000e+04 2.500000000000000000e+01 4.000000000000000000e+05 6.400000000000000000e+09 5.928395583917065448e-01 4.071604416082934552e-01
1.000000000000000000e+00 6.000000000000000000e+00 8.000000000000000000e+04 3.600000000000000000e+01 4.800000000000000000e+05 6.400000000000000000e+09 6.273198027430180179e-01 3.726801972569819266e-01
1.000000000000000000e+00 7.000000000000000000e+00 8.000000000000000000e+04 4.900000000000000000e+01 5.600000000000000000e+05 6.400000000000000000e+09 6.732926168910153830e-01 3.267073831089846725e-01
1.000000000000000000e+00 8.000000000000000000e+00 8.000000000000000000e+04 6.400000000000000000e+01 6.400000000000000000e+05 6.400000000000000000e+09 7.276742352410094927e-01 2.723257647589904518e-01
1.000000000000000000e+00 9.000000000000000000e+00 8.000000000000000000e+04 8.100000000000000000e+01 7.200000000000000000e+05 6.400000000000000000e+09 7.858272105214691994e-01 2.141727894785308006e-01
1.000000000000000000e+00 0.000000000000000000e+00 8.500000000000000000e+04 0.000000000000000000e+00 0.000000000000000000e+00 7.225000000000000000e+09 6.440029161290155013e-01 3.559970838709845542e-01
1.000000000000000000e+00 1.000000000000000000e+00 8.500000000000000000e+04 1.000000000000000000e+00 8.500000000000000000e+04 7.225000000000000000e+09 6.075653068552115954e-01 3.924346931447883491e-01
1.000000000000000000e+00 2.000000000000000000e+00 8.500000000000000000e+04 4.000000000000000000e+00 1.700000000000000000e+05 7.225000000000000000e+09 5.838888855775014042e-01 4.161111144224985958e-01
1.000000000000000000e+00 3.000000000000000000e+00 8.500000000000000000e+04 9.000000000000000000e+00 2.550000000000000000e+05 7.225000000000000000e+09 5.739014989102982911e-01 4.260985010897017089e-01
1.000000000000000000e+00 4.000000000000000000e+00 8.500000000000000000e+04 1.600000000000000000e+01 3.400000000000000000e+05 7.225000000000000000e+09 5.779042748156617559e-01 4.220957251843382441e-01
1.000000000000000000e+00 5.000000000000000000e+00 8.500000000000000000e+04 2.500000000000000000e+01 4.250000000000000000e+05 7.225000000000000000e+09 5.957830897239584367e-01 4.042169102760415078e-01
1.000000000000000000e+00 6.000000000000000000e+00 8.500000000000000000e+04 3.600000000000000000e+01 5.100000000000000000e+05 7.225000000000000000e+09 6.269218412625684467e-01 3.730781587374315533e-01
1.000000000000000000e+00 7.000000000000000000e+00 8.500000000000000000e+04 4.900000000000000000e+01 5.950000000000000000e+05 7.225000000000000000e+09 6.698491534602719621e-01 3.301508465397280934e-01
1.000000000000000000e+00 8.000000000000000000e+00 8.500000000000000000e+04 6.400000000000000000e+01 6.800000000000000000e+05 7.225000000000000000e+09 7.217847452257368790e-01 2.782152547742631210e-01
1.000000000000000000e+00 9.000000000000000000e+00 8.500000000000000000e+04 8.100000000000000000e+01 7.650000000000000000e+05 7.225000000000000000e+09 7.784266066694868202e-01 2.215733933305131798e-01
1.000000000000000000e+00 0.000000000000000000e+00 9.000000000000000000e+04 0.000000000000000000e+00 0.000000000000000000e+00 8.100000000000000000e+09 6.631203841370014729e-01 3.368796158629984716e-01
1.000000000000000000e+00 1.000000000000000000e+00 9.000000000000000000e+04 1.000000000000000000e+00 9.000000000000000000e+04 8.100000000000000000e+09 6.242505735028354152e-01 3.757494264971646403e-01
1.000000000000000000e+00 2.000000000000000000e+00 9.000000000000000000e+04 4.000000000000000000e+00 1.800000000000000000e+05 8.100000000000000000e+09 5.975790284607177538e-01 4.024209715392822462e-01
1.000000000000000000e+00 3.000000000000000000e+00 9.000000000000000000e+04 9.000000000000000000e+00 2.700000000000000000e+05 8.100000000000000000e+09 5.843135012176317034e-01 4.156864987823683522e-01
1.000000000000000000e+00 4.000000000000000000e+00 9.000000000000000000e+04 1.600000000000000000e+01 3.600000000000000000e+05 8.100000000000000000e+09 5.849153816482175472e-01 4.150846183517823973e-01
1.000000000000000000e+00 5.000000000000000000e+00 9.000000000000000000e+04 2.500000000000000000e+01 4.500000000000000000e+05 8.100000000000000000e+09 5.993658022409480424e-01 4.006341977590519576e-01
1.000000000000000000e+00 6.000000000000000000e+00 9.000000000000000000e+04 3.600000000000000000e+01 5.400000000000000000e+05 8.100000000000000000e+09 6.271528773630783427e-01 3.728471226369216018e-01
1.000000000000000000e+00 7.000000000000000000e+00 9.000000000000000000e+04 4.900000000000000000e+01 6.300000000000000000e+05 8.100000000000000000e+09 6.669850886607964213e-01 3.330149113392035787e-01
1.000000000000000000e+00 8.000000000000000000e+00 9.000000000000000000e+04 6.400000000000000000e+01 7.200000000000000000e+05 8.100000000000000000e+09 7.163644704441436417e-01 2.836355295558564138e-01
1.000000000000000000e+00 9.000000000000000000e+00 9.000000000000000000e+04 8.100000000000000000e+01 8.100000000000000000e+05 8.100000000000000000e+09 7.713196342139129191e-01 2.286803657860870809e-01
1.000000000000000000e+00 0.000000000000000000e+00 9.500000000000000000e+04 0.000000000000000000e+00 0.000000000000000000e+00 9.025000000000000000e+09 6.823019428410265208e-01 3.176980571589734792e-01
1.000000000000000000e+00 1.000000000000000000e+00 9.500000000000000000e+04 1.000000000000000000e+00 9.500000000000000000e+04 9.025000000000000000e+09 6.412650215359497752e-01 3.587349784640502248e-01
1.000000000000000000e+00 2.000000000000000000e+00 9.500000000000000000e+04 4.000000000000000000e+00 1.900000000000000000e+05 9.025000000000000000e+09 6.117577831279494838e-01 3.882422168720505162e-01
1.000000000000000000e+00 3.000000000000000000e+00 9.500000000000000000e+04 9.000000000000000000e+00 2.850000000000000000e+05 9.025000000000000000e+09 5.952989603750598047e-01 4.047010396249402508e-01
1.000000000000000000e+00 4.000000000000000000e+00 9.500000000000000000e+04 1.600000000000000000e+01 3.800000000000000000e+05 9.025000000000000000e+09 5.925418406866420629e-01 4.074581593133579371e-01
1.000000000000000000e+00 5.000000000000000000e+00 9.500000000000000000e+04 2.500000000000000000e+01 4.750000000000000000e+05 9.025000000000000000e+09 6.035816856013723752e-01 3.964183143986276248e-01
1.000000000000000000e+00 6.000000000000000000e+00 9.500000000000000000e+04 3.600000000000000000e+01 5.700000000000000000e+05 9.025000000000000000e+09 6.280124362720775899e-01 3.719875637279224101e-01
1.000000000000000000e+00 7.000000000000000000e+00 9.500000000000000000e+04 4.900000000000000000e+01 6.650000000000000000e+05 9.025000000000000000e+09 6.647083743308507264e-01 3.352916256691492736e-01
1.000000000000000000e+00 8.000000000000000000e+00 9.500000000000000000e+04 6.400000000000000000e+01 7.600000000000000000e+05 9.025000000000000000e+09 7.114334079880562101e-01 2.885665920119437344e-01
1.000000000000000000e+00 9.000000000000000000e+00 9.500000000000000000e+04 8.100000000000000000e+01 8.550000000000000000e+05 9.025000000000000000e+09 7.645383559484768554e-01 2.354616440515230891e-01
1.000000000000000000e+00 0.000000000000000000e+00 1.000000000000000000e+05 0.000000000000000000e+00 0.000000000000000000e+00 1.000000000000000000e+10 7.014475702823463887e-01 2.985524297176536668e-01
1.000000000000000000e+00 1.000000000000000000e+00 1.000000000000000000e+05 1.000000000000000000e+00 1.000000000000000000e+05 1.000000000000000000e+10 6.585363026759112337e-01 3.414636973240887663e-01
1.000000000000000000e+00 2.000000000000000000e+00 1.000000000000000000e+05 4.000000000000000000e+00 2.000000000000000000e+05 1.000000000000000000e+10 6.263795332523174331e-01 3.736204667476826224e-01
1.000000000000000000e+00 3.000000000000000000e+00 1.000000000000000000e+05 9.000000000000000000e+00 3.000000000000000000e+05 1.000000000000000000e+10 6.068316963795293839e-01 3.931683036204706161e-01
1.000000000000000000e+00 4.000000000000000000e+00 1.000000000000000000e+05 1.600000000000000000e+01 4.000000000000000000e+05 1.000000000000000000e+10 6.007692754408393565e-01 3.992307245591606990e-01
1.000000000000000000e+00 5.000000000000000000e+00 1.000000000000000000e+05 2.500000000000000000e+01 5.000000000000000000e+05 1.000000000000000000e+10 6.084232455212781332e-01 3.915767544787219223e-01
1.000000000000000000e+00 6.000000000000000000e+00 1.000000000000000000e+05 3.600000000000000000e+01 6.000000000000000000e+05 1.000000000000000000e+10 6.294987397384761429e-01 3.705012602615238571e-01
1.000000000000000000e+00 7.000000000000000000e+00 1.000000000000000000e+05 4.900000000000000000e+01 7.000000000000000000e+05 1.000000000000000000e+10 6.630251919425710350e-01 3.369748080574289650e-01
1.000000000000000000e+00 8.000000000000000000e+00 1.000000000000000000e+05 6.400000000000000000e+01 8.000000000000000000e+05 1.000000000000000000e+10 7.070092353708414823e-01 2.929907646291584622e-01
1.000000000000000000e+00 9.000000000000000000e+00 1.000000000000000000e+05 8.100000000000000000e+01 9.000000000000000000e+05 1.000000000000000000e+10 7.581127638787631406e-01 2.418872361212368316e-01
1.000000000000000000e+00 0.000000000000000000e+00 1.050000000000000000e+05 0.000000000000000000e+00 0.000000000000000000e+00 1.102500000000000000e+10 7.204550848455963941e-01 2.795449151544035504e-01
1.000000000000000000e+00 1.000000000000000000e+00 1.050000000000000000e+05 1.000000000000000000e+00 1.050000000000000000e+05 1.102500000000000000e+10 6.759863855675669608e-01 3.240136144324330392e-01
1.000000000000000000e+00 2.000000000000000000e+00 1.050000000000000000e+05 4.000000000000000000e+00 2.100000000000000000e+05 1.102500000000000000e+10 6.413928699197228855e-01 3.586071300802771145e-01
1.000000000000000000e+00 3.000000000000000000e+00 1.050000000000000000e+05 9.000000000000000000e+00 3.150000000000000000e+05 1.102500000000000000e+10 6.188811713110258239e-01 3.811188286889741761e-01
1.000000000000000000e+00 4.000000000000000000e+00 1.050000000000000000e+05 1.600000000000000000e+01 4.200000000000000000e+05 1.102500000000000000e+10 6.095805536907428213e-01 3.904194463092571787e-01
1.000000000000000000e+00 5.000000000000000000e+00 1.050000000000000000e+05 2.500000000000000000e+01 5.250000000000000000e+05 1.102500000000000000e+10 6.138813176795028248e-01 3.861186823204971752e-01
1.000000000000000000e+00 6.000000000000000000e+00 1.050000000000000000e+05 3.600000000000000000e+01 6.300000000000000000e+05 1.102500000000000000e+10 6.316086688013812234e-01 3.683913311986187766e-01
1.000000000000000000e+00 7.000000000000000000e+00 1.050000000000000000e+05 4.900000000000000000e+01 7.350000000000000000e+05 1.102500000000000000e+10 6.619400313059220498e-01 3.380599686940778947e-01
1.000000000000000000e+00 8.000000000000000000e+00 1.050000000000000000e+05 6.400000000000000000e+01 8.400000000000000000e+05 1.102500000000000000e+10 7.031073822909208459e-01 2.968926177090792096e-01
1.000000000000000000e+00 9.000000000000000000e+00 1.050000000000000000e+05 8.100000000000000000e+01 9.450000000000000000e+05 1.102500000000000000e+10 7.520706759545841003e-01 2.479293240454158442e-01
1.000000000000000000e+00 0.000000000000000000e+00 1.100000000000000000e+05 0.000000000000000000e+00 0.000000000000000000e+00 1.210000000000000000e+10 7.392221072867946052e-01 2.607778927132054503e-01
1.000000000000000000e+00 1.000000000000000000e+00 1.100000000000000000e+05 1.000000000000000000e+00 1.100000000000000000e+05 1.210000000000000000e+10 6.935324798485231756e-01 3.064675201514768244e-01
1.000000000000000000e+00 2.000000000000000000e+00 1.100000000000000000e+05 4.000000000000000000e+00 2.200000000000000000e+05 1.210000000000000000e+10 6.567407249803394187e-01 3.432592750196605258e-01
1.000000000000000000e+00 3.000000000000000000e+00 1.100000000000000000e+05 9.000000000000000000e+00 3.300000000000000000e+05 1.210000000000000000e+10 6.314122596075684157e-01 3.685877403924315843e-01
1.000000000000000000e+00 4.000000000000000000e+00 1.100000000000000000e+05 1.600000000000000000e+01 4.400000000000000000e+05 1.210000000000000000e+10 6.189554957387752854e-01 3.810445042612246591e-01
1.000000000000000000e+00 5.000000000000000000e+00 1.100000000000000000e+05 2.500000000000000000e+01 5.500000000000000000e+05 1.210000000000000000e+10 6.199448630942585581e-01 3.800551369057414419e-01
1.000000000000000000e+00 6.000000000000000000e+00 1.100000000000000000e+05 3.600000000000000000e+01 6.600000000000000000e+05 1.210000000000000000e+10 6.343377002118643082e-01 3.656622997881356918e-01
1.000000000000000000e+00 7.000000000000000000e+00 1.100000000000000000e+05 4.900000000000000000e+01 7.700000000000000000e+05 1.210000000000000000e+10 6.614557506884675142e-01 3.385442493115325413e-01
1.000000000000000000e+00 8.000000000000000000e+00 1.100000000000000000e+05 6.400000000000000000e+01 8.800000000000000000e+05 1.210000000000000000e+10 6.997411098503547588e-01 3.002588901496452967e-01
1.000000000000000000e+00 9.000000000000000000e+00 1.100000000000000000e+05 8.100000000000000000e+01 9.900000000000000000e+05 1.210000000000000000e+10 7.464376696915717702e-01 2.535623303084281743e-01
1.000000000000000000e+00 0.000000000000000000e+00 1.150000000000000000e+05 0.000000000000000000e+00 0.000000000000000000e+00 1.322500000000000000e+10 7.576481332615193631e-01 2.423518667384806646e-01
1.000000000000000000e+00 1.000000000000000000e+00 1.150000000000000000e+05 1.000000000000000000e+00 1.150000000000000000e+05 1.322500000000000000e+10 7.110881865877776153e-01 2.889118134122223291e-01
1.000000000000000000e+00 2.000000000000000000e+00 1.150000000000000000e+05 4.000000000000000000e+00 2.300000000000000000e+05 1.322500000000000000e+10 6.723606735609737317e-01 3.276393264390263238e-01
1.000000000000000000e+00 3.000000000000000000e+00 1.150000000000000000e+05 9.000000000000000000e+00 3.450000000000000000e+05 1.322500000000000000e+10 6.443850972561994128e-01 3.556149027438005872e-01
1.000000000000000000e+00 4.000000000000000000e+00 1.150000000000000000e+05 1.600000000000000000e+01 4.600000000000000000e+05 1.322500000000000000e+10 6.288705997743527787e-01 3.711294002256472213e-01
1.000000000000000000e+00 5.000000000000000000e+00 1.150000000000000000e+05 2.500000000000000000e+01 5.750000000000000000e+05 1.322500000000000000e+10 6.266007498596037895e-01 3.733992501403962661e-01
1.000000000000000000e+00 6.000000000000000000e+00 1.150000000000000000e+05 3.600000000000000000e+01 6.900000000000000000e+05 1.322500000000000000e+10 6.376798179505975828e-01 3.623201820494024727e-01
1.000000000000000000e+00 7.000000000000000000e+00 1.150000000000000000e+05 4.900000000000000000e+01 8.050000000000000000e+05 1.322500000000000000e+10 6.615736164348071657e-01 3.384263835651927788e-01
1.000000000000000000e+00 8.000000000000000000e+00 1.150000000000000000e+05 6.400000000000000000e+01 9.200000000000000000e+05 1.322500000000000000e+10 6.969215918917978092e-01 3.030784081082021908e-01
1.000000000000000000e+00 9.000000000000000000e+00 1.150000000000000000e+05 8.100000000000000000e+01 1.035000000000000000e+06 1.322500000000000000e+10 7.412370481884451578e-01 2.587629518115548977e-01
1.000000000000000000e+00 0.000000000000000000e+00 1.200000000000000000e+05 0.000000000000000000e+00 0.000000000000000000e+00 1.440000000000000000e+10 7.756366291233445232e-01 2.243633708766554491e-01
1.000000000000000000e+00 1.000000000000000000e+00 1.200000000000000000e+05 1.000000000000000000e+00 1.200000000000000000e+05 1.440000000000000000e+10 7.285648502747373856e-01 2.714351497252626144e-01
1.000000000000000000e+00 2.000000000000000000e+00 1.200000000000000000e+05 4.000000000000000000e+00 2.400000000000000000e+05 1.440000000000000000e+10 6.881854172594166208e-01 3.118145827405833237e-01
1.000000000000000000e+00 3.000000000000000000e+00 1.200000000000000000e+05 9.000000000000000000e+00 3.600000000000000000e+05 1.440000000000000000e+10 6.577550274114233320e-01 3.422449725885766680e-01
1.000000000000000000e+00 4.000000000000000000e+00 1.200000000000000000e+05 1.600000000000000000e+01 4.800000000000000000e+05 1.440000000000000000e+10 6.392987961357535776e-01 3.607012038642464224e-01
1.000000000000000000e+00 5.000000000000000000e+00 1.200000000000000000e+05 2.500000000000000000e+01 6.000000000000000000e+05 1.440000000000000000e+10 6.338335271282393713e-01 3.661664728717605732e-01
1.000000000000000000e+00 6.000000000000000000e+00 1.200000000000000000e+05 3.600000000000000000e+01 7.200000000000000000e+05 1.440000000000000000e+10 6.416274019429073494e-01 3.583725980570927061e-01
1.000000000000000000e+00 7.000000000000000000e+00 1.200000000000000000e+05 4.900000000000000000e+01 8.400000000000000000e+05 1.440000000000000000e+10 6.622933208633325908e-01 3.377066791366674092e-01
1.000000000000000000e+00 8.000000000000000000e+00 1.200000000000000000e+05 6.400000000000000000e+01 9.600000000000000000e+05 1.440000000000000000e+10 6.946579936790580057e-01 3.053420063209420499e-01
1.000000000000000000e+00 9.000000000000000000e+00 1.200000000000000000e+05 8.100000000000000000e+01 1.080000000000000000e+06 1.440000000000000000e+10 7.364898335221412573e-01 2.635101664778586872e-01
1.000000000000000000e+00 0.000000000000000000e+00 1.250000000000000000e+05 0.000000000000000000e+00 0.000000000000000000e+00 1.562500000000000000e+10 7.930970576961765550e-01 2.069029423038234172e-01
1.000000000000000000e+00 1.000000000000000000e+00 1.250000000000000000e+05 1.000000000000000000e+00 1.250000000000000000e+05 1.562500000000000000e+10 7.458730738246579506e-01 2.541269261753421049e-01
1.000000000000000000e+00 2.000000000000000000e+00 1.250000000000000000e+05 4.000000000000000000e+00 2.500000000000000000e+05 1.562500000000000000e+10 7.041434524039924536e-01 2.958565475960075464e-01
1.000000000000000000e+00 3.000000000000000000e+00 1.250000000000000000e+05 9.000000000000000000e+00 3.750000000000000000e+05 1.562500000000000000e+10 6.714726589113136912e-01 3.285273410886863088e-01
1.000000000000000000e+00 4.000000000000000000e+00 1.250000000000000000e+05 1.600000000000000000e+01 5.000000000000000000e+05 1.562500000000000000e+10 6.502092433185715503e-01 3.497907566814283942e-01
1.000000000000000000e+00 5.000000000000000000e+00 1.250000000000000000e+05 2.500000000000000000e+01 6.250000000000000000e+05 1.562500000000000000e+10 6.416251982768998996e-01 3.583748017231000449e-01
1.000000000000000000e+00 6.000000000000000000e+00 1.250000000000000000e+05 3.600000000000000000e+01 7.500000000000000000e+05 1.562500000000000000e+10 6.461710967768039549e-01 3.538289032231960451e-01
1.000000000000000000e+00 7.000000000000000000e+00 1.250000000000000000e+05 4.900000000000000000e+01 8.750000000000000000e+05 1.562500000000000000e+10 6.636129778982577943e-01 3.363870221017421502e-01
1.000000000000000000e+00 8.000000000000000000e+00 1.250000000000000000e+05 6.400000000000000000e+01 1.000000000000000000e+06 1.562500000000000000e+10 6.929575437738757504e-01 3.070424562261243051e-01
1.000000000000000000e+00 9.000000000000000000e+00 1.250000000000000000e+05 8.100000000000000000e+01 1.125000000000000000e+06 1.562500000000000000e+10 7.322147822252680349e-01 2.677852177747319651e-01
1.000000000000000000e+00 0.000000000000000000e+00 1.300000000000000000e+05 0.000000000000000000e+00 0.000000000000000000e+00 1.690000000000000000e+10 8.099467414799264020e-01 1.900532585200736257e-01
1.000000000000000000e+00 1.000000000000000000e+00 1.300000000000000000e+05 1.000000000000000000e+00 1.300000000000000000e+05 1.690000000000000000e+10 7.629243455102282523e-01 2.370756544897717755e-01
1.000000000000000000e+00 2.000000000000000000e+00 1.300000000000000000e+05 4.000000000000000000e+00 2.600000000000000000e+05 1.690000000000000000e+10 7.201599191589799220e-01 2.798400808410200780e-01
1.000000000000000000e+00 3.000000000000000000e+00 1.300000000000000000e+05 9.000000000000000000e+00 3.900000000000000000e+05 1.690000000000000000e+10 6.854840519859124459e-01 3.145159480140874986e-01
1.000000000000000000e+00 4.000000000000000000e+00 1.300000000000000000e+05 1.600000000000000000e+01 5.200000000000000000e+05 1.690000000000000000e+10 6.615671792919514127e-01 3.384328207080485873e-01
1.000000000000000000e+00 5.000000000000000000e+00 1.300000000000000000e+05 2.500000000000000000e+01 6.500000000000000000e+05 1.690000000000000000e+10 6.499550012508874541e-01 3.500449987491125459e-01
1.000000000000000000e+00 6.000000000000000000e+00 1.300000000000000000e+05 3.600000000000000000e+01 7.800000000000000000e+05 1.690000000000000000e+10 6.512996639833690260e-01 3.487003360166310295e-01
1.000000000000000000e+00 7.000000000000000000e+00 1.300000000000000000e+05 4.900000000000000000e+01 9.100000000000000000e+05 1.690000000000000000e+10 6.655290965686528892e-01 3.344709034313471663e-01
1.000000000000000000e+00 8.000000000000000000e+00 1.300000000000000000e+05 6.400000000000000000e+01 1.040000000000000000e+06 1.690000000000000000e+10 6.918255956295987774e-01 3.081744043704012226e-01
1.000000000000000000e+00 9.000000000000000000e+00 1.300000000000000000e+05 8.100000000000000000e+01 1.170000000000000000e+06 1.690000000000000000e+10 7.284284174929203104e-01 2.715715825070796896e-01
1.000000000000000000e+00 0.000000000000000000e+00 1.350000000000000000e+05 0.000000000000000000e+00 0.000000000000000000e+00 1.822500000000000000e+10 8.261124785746734034e-01 1.738875214253266521e-01
1.000000000000000000e+00 1.000000000000000000e+00 1.350000000000000000e+05 1.000000000000000000e+00 1.350000000000000000e+05 1.822500000000000000e+10 7.796327165848093710e-01 2.203672834151906013e-01
1.000000000000000000e+00 2.000000000000000000e+00 1.350000000000000000e+05 4.000000000000000000e+00 2.700000000000000000e+05 1.822500000000000000e+10 7.361576176252495607e-01 2.638423823747504393e-01
1.000000000000000000e+00 3.000000000000000000e+00 1.350000000000000000e+05 9.000000000000000000e+00 4.050000000000000000e+05 1.822500000000000000e+10 6.997310420426878785e-01 3.002689579573121215e-01
1.000000000000000000e+00 4.000000000000000000e+00 1.350000000000000000e+05 1.600000000000000000e+01 5.400000000000000000e+05 1.822500000000000000e+10 6.733338419021535071e-01 3.266661580978464929e-01
1.000000000000000000e+00 5.000000000000000000e+00 1.350000000000000000e+05 2.500000000000000000e+01 6.750000000000000000e+05 1.822500000000000000e+10 6.587992050977038438e-01 3.412007949022961562e-01
1.000000000000000000e+00 6.000000000000000000e+00 1.350000000000000000e+05 3.600000000000000000e+01 8.100000000000000000e+05 1.822500000000000000e+10 6.569998222399235921e-01 3.430001777600764634e-01
1.000000000000000000e+00 7.000000000000000000e+00 1.350000000000000000e+05 4.900000000000000000e+01 9.450000000000000000e+05 1.822500000000000000e+10 6.680365331815798502e-01 3.319634668184200943e-01
1.000000000000000000e+00 8.000000000000000000e+00 1.350000000000000000e+05 6.400000000000000000e+01 1.080000000000000000e+06 1.822500000000000000e+10 6.912656761127236038e-01 3.087343238872764517e-01
1.000000000000000000e+00 9.000000000000000000e+00 1.350000000000000000e+05 8.100000000000000000e+01 1.215000000000000000e+06 1.822500000000000000e+10 7.251450728976231996e-01 2.748549271023768004e-01
1.000000000000000000e+00 0.000000000000000000e+00 1.400000000000000000e+05 0.000000000000000000e+00 0.000000000000000000e+00 1.960000000000000000e+10 8.415318409455825321e-01 1.584681590544175234e-01
1.000000000000000000e+00 1.000000000000000000e+00 1.400000000000000000e+05 1.000000000000000000e+00 1.400000000000000000e+05 1.960000000000000000e+10 7.959164617716445456e-01 2.040835382283555099e-01
1.000000000000000000e+00 2.000000000000000000e+00 1.400000000000000000e+05 4.000000000000000000e+00 2.800000000000000000e+05 1.960000000000000000e+10 7.520581670459483004e-01 2.479418329540516719e-01
1.000000000000000000e+00 3.000000000000000000e+00 1.400000000000000000e+05 9.000000000000000000e+00 4.200000000000000000e+05 1.960000000000000000e+10 7.141517077573452665e-01 2.858482922426547335e-01
1.000000000000000000e+00 4.000000000000000000e+00 1.400000000000000000e+05 1.600000000000000000e+01 5.600000000000000000e+05 1.960000000000000000e+10 6.854664717262797247e-01 3.145335282737202753e-01
1.000000000000000000e+00 5.000000000000000000e+00 1.400000000000000000e+05 2.500000000000000000e+01 7.000000000000000000e+05 1.960000000000000000e+10 6.681309325933324494e-01 3.318690674066674950e-01
1.000000000000000000e+00 6.000000000000000000e+00 1.400000000000000000e+05 3.600000000000000000e+01 8.400000000000000000e+05 1.960000000000000000e+10 6.632560806933572861e-01 3.367439193066427139e-01
1.000000000000000000e+00 7.000000000000000000e+00 1.400000000000000000e+05 4.900000000000000000e+01 9.800000000000000000e+05 1.960000000000000000e+10 6.711284236613318521e-01 3.288715763386681479e-01
1.000000000000000000e+00 8.000000000000000000e+00 1.400000000000000000e+05 6.400000000000000000e+01 1.120000000000000000e+06 1.960000000000000000e+10 6.912795188634048849e-01 3.087204811365951707e-01
1.000000000000000000e+00 9.000000000000000000e+00 1.400000000000000000e+05 8.100000000000000000e+01 1.260000000000000000e+06 1.960000000000000000e+10 7.223769426790940251e-01 2.776230573209059194e-01
1.000000000000000000e+00 0.000000000000000000e+00 1.450000000000000000e+05 0.000000000000000000e+00 0.000000000000000000e+00 2.102500000000000000e+10 8.561541041864857426e-01 1.438458958135142018e-01
1.000000000000000000e+00 1.000000000000000000e+00 1.450000000000000000e+05 1.000000000000000000e+00 1.450000000000000000e+05 2.102500000000000000e+10 8.116996526214432794e-01 1.883003473785567761e-01
1.000000000000000000e+00 2.000000000000000000e+00 1.450000000000000000e+05 4.000000000000000000e+00 2.900000000000000000e+05 2.102500000000000000e+10 7.677832745459551855e-01 2.322167254540448145e-01
1.000000000000000000e+00 3.000000000000000000e+00 1.450000000000000000e+05 9.000000000000000000e+00 4.350000000000000000e+05 2.102500000000000000e+10 7.286809838940706552e-01 2.713190161059292893e-01
1.000000000000000000e+00 4.000000000000000000e+00 1.450000000000000000e+05 1.600000000000000000e+01 5.800000000000000000e+05 2.102500000000000000e+10 6.979184095598219839e-01 3.020815904401780161e-01
1.000000000000000000e+00 5.000000000000000000e+00 1.450000000000000000e+05 2.500000000000000000e+01 7.250000000000000000e+05 2.102500000000000000e+10 6.779200195516363880e-01 3.220799804483636675e-01
1.000000000000000000e+00 6.000000000000000000e+00 1.450000000000000000e+05 3.600000000000000000e+01 8.700000000000000000e+05 2.102500000000000000e+10 6.700505714525122336e-01 3.299494285474878219e-01
1.000000000000000000e+00 7.000000000000000000e+00 1.450000000000000000e+05 4.900000000000000000e+01 1.015000000000000000e+06 2.102500000000000000e+10 6.747960982471528091e-01 3.252039017528471909e-01
1.000000000000000000e+00 8.000000000000000000e+00 1.450000000000000000e+05 6.400000000000000000e+01 1.160000000000000000e+06 2.102500000000000000e+10 6.918670811087155315e-01 3.081329188912844130e-01
1.000000000000000000e+00 9.000000000000000000e+00 1.450000000000000000e+05 8.100000000000000000e+01 1.305000000000000000e+06 2.102500000000000000e+10 7.201341340875313524e-01 2.798658659124685921e-01
1.000000000000000000e+00 0.000000000000000000e+00 1.500000000000000000e+05 0.000000000000000000e+00 0.000000000000000000e+00 2.250000000000000000e+10 8.699407807813126503e-01 1.300592192186873219e-01
1.000000000000000000e+00 1.000000000000000000e+00 1.500000000000000000e+05 1.000000000000000000e+00 1.500000000000000000e+05 2.250000000000000000e+10 8.269135764411832401e-01 1.730864235588167044e-01
1.000000000000000000e+00 2.000000000000000000e+00 1.500000000000000000e+05 4.000000000000000000e+00 3.000000000000000000e+05 2.250000000000000000e+10 7.832560713560541288e-01 2.167439286439459267e-01
1.000000000000000000e+00 3.000000000000000000e+00 1.500000000000000000e+05 9.000000000000000000e+00 4.500000000000000000e+05 2.250000000000000000e+10 7.432514125530381710e-01 2.567485874469618290e-01
1.000000000000000000e+00 4.000000000000000000e+00 1.500000000000000000e+05 1.600000000000000000e+01 6.000000000000000000e+05 2.250000000000000000e+10 7.106392986835203818e-01 2.893607013164796182e-01
1.000000000000000000e+00 5.000000000000000000e+00 1.500000000000000000e+05 2.500000000000000000e+01 7.500000000000000000e+05 2.250000000000000000e+10 6.881329217901230866e-01 3.118670782098769134e-01
1.000000000000000000e+00 6.000000000000000000e+00 1.500000000000000000e+05 3.600000000000000000e+01 9.000000000000000000e+05 2.250000000000000000e+10 6.773628881320696848e-01 3.226371118679303152e-01
1.000000000000000000e+00 7.000000000000000000e+00 1.500000000000000000e+05 4.900000000000000000e+01 1.050000000000000000e+06 2.250000000000000000e+10 6.790289814602230578e-01 3.209710185397768867e-01
1.000000000000000000e+00 8.000000000000000000e+00 1.500000000000000000e+05 6.400000000000000000e+01 1.200000000000000000e+06 2.250000000000000000e+10 6.930265432444997487e-01 3.069734567555001958e-01
1.000000000000000000e+00 9.000000000000000000e+00 1.500000000000000000e+05 8.100000000000000000e+01 1.350000000000000000e+06 2.250000000000000000e+10 7.184247177658372729e-01 2.815752822341627271e-01
1.000000000000000000e+00 0.000000000000000000e+00 1.550000000000000000e+05 0.000000000000000000e+00 0.000000000000000000e+00 2.402500000000000000e+10 8.828657528010994682e-01 1.171342471989005041e-01
1.000000000000000000e+00 1.000000000000000000e+00 1.550000000000000000e+05 1.000000000000000000e+00 1.550000000000000000e+05 2.402500000000000000e+10 8.414979410218853539e-01 1.585020589781146183e-01
1.000000000000000000e+00 2.000000000000000000e+00 1.550000000000000000e+05 4.000000000000000000e+00 3.100000000000000000e+05 2.402500000000000000e+10 7.984024680308409172e-01 2.015975319691590550e-01
1.000000000000000000e+00 3.000000000000000000e+00 1.550000000000000000e+05 9.000000000000000000e+00 4.650000000000000000e+05 2.402500000000000000e+10 7.577940192500975947e-01 2.422059807499023498e-01
1.000000000000000000e+00 4.000000000000000000e+00 1.550000000000000000e+05 1.600000000000000000e+01 6.200000000000000000e+05 2.402500000000000000e+10 7.235753991101347982e-01 2.764246008898652018e-01
1.000000000000000000e+00 5.000000000000000000e+00 1.550000000000000000e+05 2.500000000000000000e+01 7.750000000000000000e+05 2.402500000000000000e+10 6.987326807017051333e-01 3.012673192982948112e-01
1.000000000000000000e+00 6.000000000000000000e+00 1.550000000000000000e+05 3.600000000000000000e+01 9.300000000000000000e+05 2.402500000000000000e+10 6.851699381018485635e-01 3.148300618981513810e-01
1.000000000000000000e+00 7.000000000000000000e+00 1.550000000000000000e+05 4.900000000000000000e+01 1.085000000000000000e+06 2.402500000000000000e+10 6.838144809846787853e-01 3.161855190153212147e-01
1.000000000000000000e+00 8.000000000000000000e+00 1.550000000000000000e+05 6.400000000000000000e+01 1.240000000000000000e+06 2.402500000000000000e+10 6.947542912027193651e-01 3.052457087972806349e-01
1.000000000000000000e+00 9.000000000000000000e+00 1.550000000000000000e+05 8.100000000000000000e+01 1.395000000000000000e+06 2.402500000000000000e+10 7.172547727320782718e-01 2.827452272679217282e-01
1.000000000000000000e+00 0.000000000000000000e+00 1.600000000000000000e+05 0.000000000000000000e+00 0.000000000000000000e+00 2.560000000000000000e+10 8.949150227915388944e-01 1.050849772084611056e-01
1.000000000000000000e+00 1.000000000000000000e+00 1.600000000000000000e+05 1.000000000000000000e+00 1.600000000000000000e+05 2.560000000000000000e+10 8.554018171764349310e-01 1.445981828235650413e-01
1.000000000000000000e+00 2.000000000000000000e+00 1.600000000000000000e+05 4.000000000000000000e+00 3.200000000000000000e+05 2.560000000000000000e+10 8.131524764805122540e-01 1.868475235194877460e-01
1.000000000000000000e+00 3.000000000000000000e+00 1.600000000000000000e+05 9.000000000000000000e+00 4.800000000000000000e+05 2.560000000000000000e+10 7.722392928452022076e-01 2.277607071547977646e-01
1.000000000000000000e+00 4.000000000000000000e+00 1.600000000000000000e+05 1.600000000000000000e+01 6.400000000000000000e+05 2.560000000000000000e+10 7.366700171788311824e-01 2.633299828211688731e-01
1.000000000000000000e+00 5.000000000000000000e+00 1.600000000000000000e+05 2.500000000000000000e+01 8.000000000000000000e+05 2.560000000000000000e+10 7.096789578529740794e-01 2.903210421470259206e-01
1.000000000000000000e+00 6.000000000000000000e+00 1.600000000000000000e+05 3.600000000000000000e+01 9.600000000000000000e+05 2.560000000000000000e+10 6.934458167493622316e-01 3.065541832506377684e-01
1.000000000000000000e+00 7.000000000000000000e+00 1.600000000000000000e+05 4.900000000000000000e+01 1.120000000000000000e+06 2.560000000000000000e+10 6.891378698482557574e-01 3.108621301517441871e-01
1.000000000000000000e+00 8.000000000000000000e+00 1.600000000000000000e+05 6.400000000000000000e+01 1.280000000000000000e+06 2.560000000000000000e+10 6.970448823222844537e-01 3.029551176777155463e-01
1.000000000000000000e+00 9.000000000000000000e+00 1.600000000000000000e+05 8.100000000000000000e+01 1.440000000000000000e+06 2.560000000000000000e+10 7.166284231476837130e-01 2.833715768523162870e-01
1.000000000000000000e+00 0.000000000000000000e+00 1.650000000000000000e+05 0.000000000000000000e+00 0.000000000000000000e+00 2.722500000000000000e+10 9.060861213620032828e-01 9.391387863799671720e-02
1.000000000000000000e+00 1.000000000000000000e+00 1.650000000000000000e+05 1.000000000000000000e+00 1.650000000000000000e+05 2.722500000000000000e+10 8.685842861161161554e-01 1.314157138838839001e-01
1.000000000000000000e+00 2.000000000000000000e+00 1.650000000000000000e+05 4.000000000000000000e+00 3.300000000000000000e+05 2.722500000000000000e+10 8.274414462032032569e-01 1.725585537967967709e-01
1.000000000000000000e+00 3.000000000000000000e+00 1.650000000000000000e+05 9.000000000000000000e+00 4.950000000000000000e+05 2.722500000000000000e+10 7.865182414073635941e-01 2.134817585926363781e-01
1.000000000000000000e+00 4.000000000000000000e+00 1.650000000000000000e+05 1.600000000000000000e+01 6.600000000000000000e+05 2.722500000000000000e+10 7.498640492432641080e-01 2.501359507567358920e-01
1.000000000000000000e+00 5.000000000000000000e+00 1.650000000000000000e+05 2.500000000000000000e+01 8.250000000000000000e+05 2.722500000000000000e+10 7.209281479092115585e-01 2.790718520907884970e-01
1.000000000000000000e+00 6.000000000000000000e+00 1.650000000000000000e+05 3.600000000000000000e+01 9.900000000000000000e+05 2.722500000000000000e+10 7.021617125347310306e-01 2.978382874652689694e-01
1.000000000000000000e+00 7.000000000000000000e+00 1.650000000000000000e+05 4.900000000000000000e+01 1.155000000000000000e+06 2.722500000000000000e+10 6.949821670195439616e-01 3.050178329804560384e-01
1.000000000000000000e+00 8.000000000000000000e+00 1.650000000000000000e+05 6.400000000000000000e+01 1.320000000000000000e+06 2.722500000000000000e+10 6.998909961434722771e-01 3.001090038565276674e-01
1.000000000000000000e+00 9.000000000000000000e+00 1.650000000000000000e+05 8.100000000000000000e+01 1.485000000000000000e+06 2.722500000000000000e+10 7.165478647130325562e-01 2.834521352869674993e-01
1.000000000000000000e+00 0.000000000000000000e+00 1.700000000000000000e+05 0.000000000000000000e+00 0.000000000000000000e+00 2.890000000000000000e+10 9.163872252435313337e-01 8.361277475646869406e-02
1.000000000000000000e+00 1.000000000000000000e+00 1.700000000000000000e+05 1.000000000000000000e+00 1.700000000000000000e+05 2.890000000000000000e+10 8.810147755931894142e-01 1.189852244068105303e-01
1.000000000000000000e+00 2.000000000000000000e+00 1.700000000000000000e+05 4.000000000000000000e+00 3.400000000000000000e+05 2.890000000000000000e+10 8.412111651345984820e-01 1.587888348654015458e-01
1.000000000000000000e+00 3.000000000000000000e+00 1.700000000000000000e+05 9.000000000000000000e+00 5.100000000000000000e+05 2.890000000000000000e+10 8.005634902241962614e-01 1.994365097758037386e-01
1.000000000000000000e+00 4.000000000000000000e+00 1.700000000000000000e+05 1.600000000000000000e+01 6.800000000000000000e+05 2.890000000000000000e+10 7.630966329769306444e-01 2.369033670230693001e-01
1.000000000000000000e+00 5.000000000000000000e+00 1.700000000000000000e+05 2.500000000000000000e+01 8.500000000000000000e+05 2.890000000000000000e+10 7.324335774144122846e-01 2.675664225855877154e-01
1.000000000000000000e+00 6.000000000000000000e+00 1.700000000000000000e+05 3.600000000000000000e+01 1.020000000000000000e+06 2.890000000000000000e+10 7.112858518334699287e-01 2.887141481665300713e-01
1.000000000000000000e+00 7.000000000000000000e+00 1.700000000000000000e+05 4.900000000000000000e+01 1.190000000000000000e+06 2.890000000000000000e+10 7.013280222362183736e-01 2.986719777637816819e-01
1.000000000000000000e+00 8.000000000000000000e+00 1.700000000000000000e+05 6.400000000000000000e+01 1.360000000000000000e+06 2.890000000000000000e+10 7.032833722487027428e-01 2.967166277512972572e-01
1.000000000000000000e+00 9.000000000000000000e+00 1.700000000000000000e+05 8.100000000000000000e+01 1.530000000000000000e+06 2.890000000000000000e+10 7.170133792081320179e-01 2.829866207918679821e-01
1.000000000000000000e+00 0.000000000000000000e+00 1.750000000000000000e+05 0.000000000000000000e+00 0.000000000000000000e+00 3.062500000000000000e+10 9.258360495294246650e-01 7.416395047057537659e-02
1.000000000000000000e+00 1.000000000000000000e+00 1.750000000000000000e+05 1.000000000000000000e+00 1.750000000000000000e+05 3.062500000000000000e+10 8.926730860102704002e-01 1.073269139897295582e-01
1.000000000000000000e+00 2.000000000000000000e+00 1.750000000000000000e+05 4.000000000000000000e+00 3.500000000000000000e+05 3.062500000000000000e+10 8.544107818953458056e-01 1.455892181046541667e-01
1.000000000000000000e+00 3.000000000000000000e+00 1.750000000000000000e+05 9.000000000000000000e+00 5.250000000000000000e+05 3.062500000000000000e+10 8.143103838951820661e-01 1.856896161048179061e-01
1.000000000000000000e+00 4.000000000000000000e+00 1.750000000000000000e+05 1.600000000000000000e+01 7.000000000000000000e+05 3.062500000000000000e+10 7.763058942712326438e-01 2.236941057287673285e-01
1.000000000000000000e+00 5.000000000000000000e+00 1.750000000000000000e+05 2.500000000000000000e+01 8.750000000000000000e+05 3.062500000000000000e+10 7.441457945081787484e-01 2.558542054918212516e-01
1.000000000000000000e+00 6.000000000000000000e+00 1.750000000000000000e+05 3.600000000000000000e+01 1.050000000000000000e+06 3.062500000000000000e+10 7.207834924496752116e-01 2.792165075503247329e-01
1.000000000000000000e+00 7.000000000000000000e+00 1.750000000000000000e+05 4.900000000000000000e+01 1.225000000000000000e+06 3.062500000000000000e+10 7.081536115087325722e-01 2.918463884912673723e-01
1.000000000000000000e+00 8.000000000000000000e+00 1.750000000000000000e+05 6.400000000000000000e+01 1.400000000000000000e+06 3.062500000000000000e+10 7.072107379722880616e-01 2.927892620277118829e-01
1.000000000000000000e+00 9.000000000000000000e+00 1.750000000000000000e+05 8.100000000000000000e+01 1.575000000000000000e+06 3.062500000000000000e+10 7.180233363834480631e-01 2.819766636165518814e-01
1.000000000000000000e+00 0.000000000000000000e+00 1.800000000000000000e+05 0.000000000000000000e+00 0.000000000000000000e+00 3.240000000000000000e+10 9.344585822827424781e-01 6.554141771725757737e-02
1.000000000000000000e+00 1.000000000000000000e+00 1.800000000000000000e+05 1.000000000000000000e+00 1.800000000000000000e+05 3.240000000000000000e+10 9.035491238776219847e-01 9.645087612237798758e-02
1.000000000000000000e+00 2.000000000000000000e+00 1.800000000000000000e+05 4.000000000000000000e+00 3.600000000000000000e+05 3.240000000000000000e+10 8.669975154482451041e-01 1.330024845517548959e-01
1.000000000000000000e+00 3.000000000000000000e+00 1.800000000000000000e+05 9.000000000000000000e+00 5.400000000000000000e+05 3.240000000000000000e+10 8.276980522563430753e-01 1.723019477436568692e-01
1.000000000000000000e+00 4.000000000000000000e+00 1.800000000000000000e+05 1.600000000000000000e+01 7.200000000000000000e+05 3.240000000000000000e+10 7.894297721783403166e-01 2.105702278216597112e-01
1.000000000000000000e+00 5.000000000000000000e+00 1.800000000000000000e+05 2.500000000000000000e+01 9.000000000000000000e+05 3.240000000000000000e+10 7.560129515669302691e-01 2.439870484330696754e-01
1.000000000000000000e+00 6.000000000000000000e+00 1.800000000000000000e+05 3.600000000000000000e+01 1.080000000000000000e+06 3.240000000000000000e+10 7.306169741686552310e-01 2.693830258313448245e-01
1.000000000000000000e+00 7.000000000000000000e+00 1.800000000000000000e+05 4.900000000000000000e+01 1.260000000000000000e+06 3.240000000000000000e+10 7.154345502651912048e-01 2.845654497348087952e-01
1.000000000000000000e+00 8.000000000000000000e+00 1.800000000000000000e+05 6.400000000000000000e+01 1.440000000000000000e+06 3.240000000000000000e+10 7.116597294913444838e-01 2.883402705086554607e-01
1.000000000000000000e+00 9.000000000000000000e+00 1.800000000000000000e+05 8.100000000000000000e+01 1.620000000000000000e+06 3.240000000000000000e+10 7.195741830985872278e-01 2.804258169014127722e-01
1.000000000000000000e+00 0.000000000000000000e+00 1.850000000000000000e+05 0.000000000000000000e+00 0.000000000000000000e+00 3.422500000000000000e+10 9.422877290953524110e-01 5.771227090464757514e-02
1.000000000000000000e+00 1.000000000000000000e+00 1.850000000000000000e+05 1.000000000000000000e+00 1.850000000000000000e+05 3.422500000000000000e+10 9.136423738322867472e-01 8.635762616771328060e-02
1.000000000000000000e+00 2.000000000000000000e+00 1.850000000000000000e+05 4.000000000000000000e+00 3.700000000000000000e+05 3.422500000000000000e+10 8.789371295226003911e-01 1.210628704773995951e-01
1.000000000000000000e+00 3.000000000000000000e+00 1.850000000000000000e+05 9.000000000000000000e+00 5.550000000000000000e+05 3.422500000000000000e+10 8.406704000789744224e-01 1.593295999210256053e-01
1.000000000000000000e+00 4.000000000000000000e+00 1.850000000000000000e+05 1.600000000000000000e+01 7.400000000000000000e+05 3.422500000000000000e+10 8.024068992537811695e-01 1.975931007462188027e-01
1.000000000000000000e+00 5.000000000000000000e+00 1.850000000000000000e+05 2.500000000000000000e+01 9.250000000000000000e+05 3.422500000000000000e+10 7.679812790991693561e-01 2.320187209008306717e-01
1.000000000000000000e+00 6.000000000000000000e+00 1.850000000000000000e+05 3.600000000000000000e+01 1.110000000000000000e+06 3.422500000000000000e+10 7.407458337440165907e-01 2.592541662559834093e-01
1.000000000000000000e+00 7.000000000000000000e+00 1.850000000000000000e+05 4.900000000000000000e+01 1.295000000000000000e+06 3.422500000000000000e+10 7.231438314666803757e-01 2.768561685333196243e-01
1.000000000000000000e+00 8.000000000000000000e+00 1.850000000000000000e+05 6.400000000000000000e+01 1.480000000000000000e+06 3.422500000000000000e+10 7.166148104766074667e-01 2.833851895233925333e-01
1.000000000000000000e+00 9.000000000000000000e+00 1.850000000000000000e+05 8.100000000000000000e+01 1.665000000000000000e+06 3.422500000000000000e+10 7.216604202998031514e-01 2.783395797001969041e-01
1.000000000000000000e+00 0.000000000000000000e+00 1.900000000000000000e+05 0.000000000000000000e+00 0.000000000000000000e+00 3.610000000000000000e+10 9.493619303473075366e-01 5.063806965269247728e-02
1.000000000000000000e+00 1.000000000000000000e+00 1.900000000000000000e+05 1.000000000000000000e+00 1.900000000000000000e+05 3.610000000000000000e+10 9.229611510076366487e-01 7.703884899236332351e-02
1.000000000000000000e+00 2.000000000000000000e+00 1.900000000000000000e+05 4.000000000000000000e+00 3.800000000000000000e+05 3.610000000000000000e+10 8.902041616706184435e-01 1.097958383293815982e-01
1.000000000000000000e+00 3.000000000000000000e+00 1.900000000000000000e+05 9.000000000000000000e+00 5.700000000000000000e+05 3.610000000000000000e+10 8.531769831698678974e-01 1.468230168301321026e-01
1.000000000000000000e+00 4.000000000000000000e+00 1.900000000000000000e+05 1.600000000000000000e+01 7.600000000000000000e+05 3.610000000000000000e+10 8.151775104002160210e-01 1.848224895997839512e-01
1.000000000000000000e+00 5.000000000000000000e+00 1.900000000000000000e+05 2.500000000000000000e+01 9.500000000000000000e+05 3.610000000000000000e+10 7.799956451509616473e-01 2.200043548490383527e-01
1.000000000000000000e+00 6.000000000000000000e+00 1.900000000000000000e+05 3.600000000000000000e+01 1.140000000000000000e+06 3.610000000000000000e+10 7.511269902391006781e-01 2.488730097608993219e-01
1.000000000000000000e+00 7.000000000000000000e+00 1.900000000000000000e+05 4.900000000000000000e+01 1.330000000000000000e+06 3.610000000000000000e+10 7.312517961744759987e-01 2.687482038255240568e-01
1.000000000000000000e+00 8.000000000000000000e+00 1.900000000000000000e+05 6.400000000000000000e+01 1.520000000000000000e+06 3.610000000000000000e+10 7.220581931067506787e-01 2.779418068932493213e-01
1.000000000000000000e+00 9.000000000000000000e+00 1.900000000000000000e+05 8.100000000000000000e+01 1.710000000000000000e+06 3.610000000000000000e+10 7.242745691167609134e-01 2.757254308832390310e-01
1.000000000000000000e+00 0.000000000000000000e+00 1.950000000000000000e+05 0.000000000000000000e+00 0.000000000000000000e+00 3.802500000000000000e+10 9.557238059328416746e-01 4.427619406715830458e-02
1.000000000000000000e+00 1.000000000000000000e+00 1.950000000000000000e+05 1.000000000000000000e+00 1.950000000000000000e+05 3.802500000000000000e+10 9.315216823613664543e-01 6.847831763863350407e-02
1.000000000000000000e+00 2.000000000000000000e+00 1.950000000000000000e+05 4.000000000000000000e+00 3.900000000000000000e+05 3.802500000000000000e+10 9.007819094552641515e-01 9.921809054473587630e-02
1.000000000000000000e+00 3.000000000000000000e+00 1.950000000000000000e+05 9.000000000000000000e+00 5.850000000000000000e+05 3.802500000000000000e+10 8.651737385489509657e-01 1.348262614510490620e-01
1.000000000000000000e+00 4.000000000000000000e+00 1.950000000000000000e+05 1.600000000000000000e+01 7.800000000000000000e+05 3.802500000000000000e+10 8.276843502952138110e-01 1.723156497047862168e-01
1.000000000000000000e+00 5.000000000000000000e+00 1.950000000000000000e+05 2.500000000000000000e+01 9.750000000000000000e+05 3.802500000000000000e+10 7.920001901965290081e-01 2.079998098034710474e-01
1.000000000000000000e+00 6.000000000000000000e+00 1.950000000000000000e+05 3.600000000000000000e+01 1.170000000000000000e+06 3.802500000000000000e+10 7.617150046541353303e-01 2.382849953458646419e-01
1.000000000000000000e+00 7.000000000000000000e+00 1.950000000000000000e+05 4.900000000000000000e+01 1.365000000000000000e+06 3.802500000000000000e+10 7.397261439358373547e-01 2.602738560641626453e-01
1.000000000000000000e+00 8.000000000000000000e+00 1.950000000000000000e+05 6.400000000000000000e+01 1.560000000000000000e+06 3.802500000000000000e+10 7.279697668078422002e-01 2.720302331921577443e-01
1.000000000000000000e+00 9.000000000000000000e+00 1.950000000000000000e+05 8.100000000000000000e+01 1.755000000000000000e+06 3.802500000000000000e+10 7.274071280391360972e-01 2.725928719608639583e-01
