1.000000000000000000e+00 0.000000000000000000e+00 0.000000000000000000e+00 4.176813884244291453e-01 5.823186115755708547e-01
1.000000000000000000e+00 1.000000000000000000e+00 0.000000000000000000e+00 4.410631404214366835e-01 5.589368595785633165e-01
1.000000000000000000e+00 2.000000000000000000e+00 0.000000000000000000e+00 4.647092490447548574e-01 5.352907509552451426e-01
1.000000000000000000e+00 3.000000000000000000e+00 0.000000000000000000e+00 4.885150789718661901e-01 5.114849210281338099e-01
1.000000000000000000e+00 4.000000000000000000e+00 0.000000000000000000e+00 5.123731202959652675e-01 4.876268797040347325e-01
1.000000000000000000e+00 5.000000000000000000e+00 0.000000000000000000e+00 5.361749171555607596e-01 4.638250828444392959e-01
1.000000000000000000e+00 6.000000000000000000e+00 0.000000000000000000e+00 5.598130325853472034e-01 4.401869674146527966e-01
1.000000000000000000e+00 7.000000000000000000e+00 0.000000000000000000e+00 5.831829743594494353e-01 4.168170256405506202e-01
1.000000000000000000e+00 8.000000000000000000e+00 0.000000000000000000e+00 6.061850091425480258e-01 3.938149908574519187e-01
1.000000000000000000e+00 9.000000000000000000e+00 0.000000000000000000e+00 6.287257994650512494e-01 3.712742005349486951e-01
1.000000000000000000e+00 0.000000000000000000e+00 5.000000000000000000e+03 4.196089469057777688e-01 5.803910530942222312e-01
1.000000000000000000e+00 1.000000000000000000e+00 5.000000000000000000e+03 4.430165117838978928e-01 5.569834882161021072e-01
1.000000000000000000e+00 2.000000000000000000e+00 5.000000000000000000e+03 4.666799058333774841e-01 5.333200941666225159e-01
1.000000000000000000e+00 3.000000000000000000e+00 5.000000000000000000e+03 4.904941840346067616e-01 5.095058159653932384e-01
1.000000000000000000e+00 4.000000000000000000e+00 5.000000000000000000e+03 5.143516836266216474e-01 4.856483163733783526e-01
1.000000000000000000e+00 5.000000000000000000e+00 5.000000000000000000e+03 5.381439585787999302e-01 4.618560414212000143e-01
1.000000000000000000e+00 6.000000000000000000e+00 5.000000000000000000e+03 5.617637440644830393e-01 4.382362559355169607e-01
1.000000000000000000e+00 7.000000000000000000e+00 5.000000000000000000e+03 5.851068757323070191e-01 4.148931242676929809e-01
1.000000000000000000e+00 8.000000000000000000e+00 5.000000000000000000e+03 6.080740915179343453e-01 3.919259084820657102e-01
1.000000000000000000e+00 9.000000000000000000e+00 5.000000000000000000e+03 6.305726513000122768e-01 3.694273486999877787e-01
1.000000000000000000e+00 0.000000000000000000e+00 1.000000000000000000e+04 4.215389614552635944e-01 5.784610385447364056e-01
1.000000000000000000e+00 1.000000000000000000e+00 1.000000000000000000e+04 4.449716470644793365e-01 5.550283529355206635e-01
1.000000000000000000e+00 2.000000000000000000e+00 1.000000000000000000e+04 4.686516029741464306e-01 5.313483970258535694e-01
1.000000000000000000e+00 3.000000000000000000e+00 1.000000000000000000e+04 4.924735871132783771e-01 5.075264128867216229e-01
1.000000000000000000e+00 4.000000000000000000e+00 1.000000000000000000e+04 5.163297972271532199e-01 4.836702027728468356e-01
1.000000000000000000e+00 5.000000000000000000e+00 1.000000000000000000e+04 5.401118106841040767e-01 4.598881893158958678e-01
1.000000000000000000e+00 6.000000000000000000e+00 1.000000000000000000e+04 5.637125480512982234e-01 4.362874519487017766e-01
1.000000000000000000e+00 7.000000000000000000e+00 1.000000000000000000e+04 5.870281852940204548e-01 4.129718147059795452e-01
1.000000000000000000e+00 8.000000000000000000e+00 1.000000000000000000e+04 6.099599428003573687e-01 3.900400571996426313e-01
1.000000000000000000e+00 9.000000000000000000e+00 1.000000000000000000e+04 6.324156873496822318e-01 3.675843126503177682e-01
1.000000000000000000e+00 0.000000000000000000e+00 1.500000000000000000e+04 4.234713761256710951e-01 5.765286238743289049e-01
1.000000000000000000e+00 1.000000000000000000e+00 1.500000000000000000e+04 4.469284872539429632e-01 5.530715127460570368e-01
1.000000000000000000e+00 2.000000000000000000e+00 1.500000000000000000e+04 4.706242794062582835e-01 5.293757205937417165e-01
1.000000000000000000e+00 3.000000000000000000e+00 1.500000000000000000e+04 4.944532261836349640e-01 5.055467738163650360e-01
1.000000000000000000e+00 4.000000000000000000e+00 1.500000000000000000e+04 5.183073992349254144e-01 4.816926007650746411e-01
1.000000000000000000e+00 5.000000000000000000e+00 1.500000000000000000e+04 5.420784128892885967e-01 4.579215871107114033e-01
1.000000000000000000e+00 6.000000000000000000e+00 1.500000000000000000e+04 5.656593863139428580e-01 4.343406136860571420e-01
1.000000000000000000e+00 7.000000000000000000e+00 1.500000000000000000e+04 5.889468481444535275e-01 4.110531518555465280e-01
1.000000000000000000e+00 8.000000000000000000e+00 1.500000000000000000e+04 6.118425122803707872e-01 3.881574877196292683e-01
1.000000000000000000e+00 9.000000000000000000e+00 1.500000000000000000e+04 6.342548618055536824e-01 3.657451381944462621e-01
1.000000000000000000e+00 0.000000000000000000e+00 2.000000000000000000e+04 4.254061346798199139e-01 5.745938653201800861e-01
1.000000000000000000e+00 1.000000000000000000e+00 2.000000000000000000e+04 4.488869731330621393e-01 5.511130268669378607e-01
1.000000000000000000e+00 2.000000000000000000e+00 2.000000000000000000e+04 4.725978739467853185e-01 5.274021260532146815e-01
1.000000000000000000e+00 3.000000000000000000e+00 2.000000000000000000e+04 4.964330391918362340e-01 5.035669608081637660e-01
1.000000000000000000e+00 4.000000000000000000e+00 2.000000000000000000e+04 5.202844278513778509e-01 4.797155721486220936e-01
1.000000000000000000e+00 5.000000000000000000e+00 2.000000000000000000e+04 5.440437047674502313e-01 4.559562952325497132e-01
1.000000000000000000e+00 6.000000000000000000e+00 2.000000000000000000e+04 5.676042008611537071e-01 4.323957991388463484e-01
1.000000000000000000e+00 7.000000000000000000e+00 2.000000000000000000e+04 5.908628097004018365e-01 4.091371902995981080e-01
1.000000000000000000e+00 8.000000000000000000e+00 2.000000000000000000e+04 6.137217496303514208e-01 3.862782503696485792e-01
1.000000000000000000e+00 9.000000000000000000e+00 2.000000000000000000e+04 6.360901292925802419e-01 3.639098707074197026e-01
1.000000000000000000e+00 0.000000000000000000e+00 2.500000000000000000e+04 4.273431805968305186e-01 5.726568194031694814e-01
1.000000000000000000e+00 1.000000000000000000e+00 2.500000000000000000e+04 4.508470452796536909e-01 5.491529547203463091e-01
1.000000000000000000e+00 2.000000000000000000e+00 2.500000000000000000e+04 4.745723252982236851e-01 5.254276747017763149e-01
1.000000000000000000e+00 3.000000000000000000e+00 2.500000000000000000e+04 4.984129640622261270e-01 5.015870359377738730e-01
1.000000000000000000e+00 4.000000000000000000e+00 2.500000000000000000e+04 5.222608213497358376e-01 4.777391786502641624e-01
1.000000000000000000e+00 5.000000000000000000e+00 2.500000000000000000e+04 5.460076260543152982e-01 4.539923739456847018e-01
1.000000000000000000e+00 6.000000000000000000e+00 2.500000000000000000e+04 5.695469339489682703e-01 4.304530660510317852e-01
1.000000000000000000e+00 7.000000000000000000e+00 2.500000000000000000e+04 5.927760157014432263e-01 4.072239842985567182e-01
1.000000000000000000e+00 8.000000000000000000e+00 2.500000000000000000e+04 6.155976049093080382e-01 3.844023950906919618e-01
1.000000000000000000e+00 9.000000000000000000e+00 2.500000000000000000e+04 6.379214448728276476e-01 3.620785551271724079e-01
1.000000000000000000e+00 0.000000000000000000e+00 3.000000000000000000e+04 4.292824570784617988e-01 5.707175429215382012e-01
1.000000000000000000e+00 1.000000000000000000e+00 3.000000000000000000e+04 4.528086440756626807e-01 5.471913559243373193e-01
1.000000000000000000e+00 2.000000000000000000e+00 3.000000000000000000e+04 4.765475720560696793e-01 5.234524279439303207e-01
1.000000000000000000e+00 3.000000000000000000e+00 3.000000000000000000e+04 5.003929387051169186e-01 4.996070612948830814e-01
1.000000000000000000e+00 4.000000000000000000e+00 3.000000000000000000e+04 5.242365180827002202e-01 4.757634819172997798e-01
1.000000000000000000e+00 5.000000000000000000e+00 3.000000000000000000e+04 5.479701166555437375e-01 4.520298833444562625e-01
1.000000000000000000e+00 6.000000000000000000e+00 3.000000000000000000e+04 5.714875280873745744e-01 4.285124719126253701e-01
1.000000000000000000e+00 7.000000000000000000e+00 3.000000000000000000e+04 5.946864122157058397e-01 4.053135877842941048e-01
1.000000000000000000e+00 8.000000000000000000e+00 3.000000000000000000e+04 6.174700285675966960e-01 3.825299714324033595e-01
1.000000000000000000e+00 9.000000000000000000e+00 3.000000000000000000e+04 6.397487640490252536e-01 3.602512359509747464e-01
1.000000000000000000e+00 0.000000000000000000e+00 3.500000000000000000e+04 4.312239070555200504e-01 5.687760929444799496e-01
1.000000000000000000e+00 1.000000000000000000e+00 3.500000000000000000e+04 4.547717097142979226e-01 5.452282902857020774e-01
1.000000000000000000e+00 2.000000000000000000e+00 3.500000000000000000e+04 4.785235527164264369e-01 5.214764472835735631e-01
1.000000000000000000e+00 3.000000000000000000e+00 3.500000000000000000e+04 5.023729010245772120e-01 4.976270989754228435e-01
1.000000000000000000e+00 4.000000000000000000e+00 3.500000000000000000e+04 5.262114564901190228e-01 4.737885435098809217e-01
1.000000000000000000e+00 5.000000000000000000e+00 3.500000000000000000e+04 5.499311166539901929e-01 4.500688833460098071e-01
1.000000000000000000e+00 6.000000000000000000e+00 3.500000000000000000e+04 5.734259260468974606e-01 4.265740739531024839e-01
1.000000000000000000e+00 7.000000000000000000e+00 3.500000000000000000e+04 5.965939456455562340e-01 4.034060543544437105e-01
1.000000000000000000e+00 8.000000000000000000e+00 3.500000000000000000e+04 6.193389714515434852e-01 3.806610285484565148e-01
1.000000000000000000e+00 9.000000000000000000e+00 3.500000000000000000e+04 6.415720427680193794e-01 3.584279572319806761e-01
1.000000000000000000e+00 0.000000000000000000e+00 4.000000000000000000e+04 4.331674731943357948e-01 5.668325268056642052e-01
1.000000000000000000e+00 1.000000000000000000e+00 4.000000000000000000e+04 4.567361822072175670e-01 5.432638177927824330e-01
1.000000000000000000e+00 2.000000000000000000e+00 4.000000000000000000e+04 4.805002056836358282e-01 5.194997943163641718e-01
1.000000000000000000e+00 3.000000000000000000e+00 4.000000000000000000e+04 5.043527889262214847e-01 4.956472110737785153e-01
1.000000000000000000e+00 4.000000000000000000e+00 4.000000000000000000e+04 5.281855751066337756e-01 4.718144248933662244e-01
1.000000000000000000e+00 5.000000000000000000e+00 4.000000000000000000e+04 5.518905663169182407e-01 4.481094336830818148e-01
1.000000000000000000e+00 6.000000000000000000e+00 4.000000000000000000e+04 5.753620708651159266e-01 4.246379291348841289e-01
1.000000000000000000e+00 7.000000000000000000e+00 4.000000000000000000e+04 5.984985627332042313e-01 4.015014372667958242e-01
1.000000000000000000e+00 8.000000000000000000e+00 4.000000000000000000e+04 6.212043848079729091e-01 3.787956151920270353e-01
1.000000000000000000e+00 9.000000000000000000e+00 4.000000000000000000e+04 6.433912374241248511e-01 3.566087625758751489e-01
1.000000000000000000e+00 0.000000000000000000e+00 4.500000000000000000e+04 4.351130979033094315e-01 5.648869020966905685e-01
1.000000000000000000e+00 1.000000000000000000e+00 4.500000000000000000e+04 4.587020013917613159e-01 5.412979986082386841e-01
1.000000000000000000e+00 2.000000000000000000e+00 4.500000000000000000e+04 4.824774692779345564e-01 5.175225307220654436e-01
1.000000000000000000e+00 3.000000000000000000e+00 4.500000000000000000e+04 5.063325403249996359e-01 4.936674596750003086e-01
1.000000000000000000e+00 4.000000000000000000e+00 4.500000000000000000e+04 5.301588125693013076e-01 4.698411874306986369e-01
1.000000000000000000e+00 5.000000000000000000e+00 4.500000000000000000e+04 5.538484061031649919e-01 4.461515938968349526e-01
1.000000000000000000e+00 6.000000000000000000e+00 4.500000000000000000e+04 5.772959058531135224e-01 4.227040941468864221e-01
1.000000000000000000e+00 7.000000000000000000e+00 4.500000000000000000e+04 6.004002105662227251e-01 3.995997894337772194e-01
1.000000000000000000e+00 8.000000000000000000e+00 4.500000000000000000e+04 6.230662202886421142e-01 3.769337797113578858e-01
1.000000000000000000e+00 9.000000000000000000e+00 4.500000000000000000e+04 6.452063048623783992e-01 3.547936951376216563e-01
1.000000000000000000e+00 0.000000000000000000e+00 5.000000000000000000e+04 4.370607233395221725e-01 5.629392766604778275e-01
1.000000000000000000e+00 1.000000000000000000e+00 5.000000000000000000e+04 4.606691069382290449e-01 5.393308930617709551e-01
1.000000000000000000e+00 2.000000000000000000e+00 5.000000000000000000e+04 4.844552817431336811e-01 5.155447182568663189e-01
1.000000000000000000e+00 3.000000000000000000e+00 5.000000000000000000e+04 5.083120931529832021e-01 4.916879068470167979e-01
1.000000000000000000e+00 4.000000000000000000e+00 5.000000000000000000e+04 5.321311076251893368e-01 4.678688923748106632e-01
1.000000000000000000e+00 5.000000000000000000e+00 5.000000000000000000e+04 5.558045766702586210e-01 4.441954233297413790e-01
1.000000000000000000e+00 6.000000000000000000e+00 5.000000000000000000e+04 5.792273746018603564e-01 4.207726253981396991e-01
1.000000000000000000e+00 7.000000000000000000e+00 5.000000000000000000e+04 6.022988365829846646e-01 3.977011634170153354e-01
1.000000000000000000e+00 8.000000000000000000e+00 5.000000000000000000e+04 6.249244299545781978e-01 3.750755700454217467e-01
1.000000000000000000e+00 9.000000000000000000e+00 5.000000000000000000e+04 6.470172023816902485e-01 3.529827976183096960e-01
1.000000000000000000e+00 0.000000000000000000e+00 5.500000000000000000e+04 4.390102914154122571e-01 5.609897085845877429e-01
1.000000000000000000e+00 1.000000000000000000e+00 5.500000000000000000e+04 4.626374383572029458e-01 5.373625616427970542e-01
1.000000000000000000e+00 2.000000000000000000e+00 5.500000000000000000e+04 4.864335812543171267e-01 5.135664187456828733e-01
1.000000000000000000e+00 3.000000000000000000e+00 5.500000000000000000e+04 5.102913853671473543e-01 4.897086146328525902e-01
1.000000000000000000e+00 4.000000000000000000e+00 5.500000000000000000e+04 5.341023991389410863e-01 4.658976008610588582e-01
1.000000000000000000e+00 5.000000000000000000e+00 5.500000000000000000e+04 5.577590188814804950e-01 4.422409811185194495e-01
1.000000000000000000e+00 6.000000000000000000e+00 5.500000000000000000e+04 5.811564209885200505e-01 4.188435790114799495e-01
1.000000000000000000e+00 7.000000000000000000e+00 5.500000000000000000e+04 6.041943885780115542e-01 3.958056114219884458e-01
1.000000000000000000e+00 8.000000000000000000e+00 5.500000000000000000e+04 6.267789662803227024e-01 3.732210337196772976e-01
1.000000000000000000e+00 9.000000000000000000e+00 5.500000000000000000e+04 6.488238877378966762e-01 3.511761122621032682e-01
1.000000000000000000e+00 0.000000000000000000e+00 6.000000000000000000e+04 4.409617438055130068e-01 5.590382561944869932e-01
1.000000000000000000e+00 1.000000000000000000e+00 6.000000000000000000e+04 4.646069350069114146e-01 5.353930649930885854e-01
1.000000000000000000e+00 2.000000000000000000e+00 6.000000000000000000e+04 4.884123059255598420e-01 5.115876940744401580e-01
1.000000000000000000e+00 3.000000000000000000e+00 6.000000000000000000e+04 5.122703549571470116e-01 4.877296450428530439e-01
1.000000000000000000e+00 4.000000000000000000e+00 6.000000000000000000e+04 5.360726261003107007e-01 4.639273738996892993e-01
1.000000000000000000e+00 5.000000000000000000e+00 6.000000000000000000e+04 5.597116738128767865e-01 4.402883261871232135e-01
1.000000000000000000e+00 6.000000000000000000e+00 6.000000000000000000e+04 5.830829891826889710e-01 4.169170108173110290e-01
1.000000000000000000e+00 7.000000000000000000e+00 6.000000000000000000e+04 6.060868147072363543e-01 3.939131852927636457e-01
1.000000000000000000e+00 8.000000000000000000e+00 6.000000000000000000e+04 6.286297821580758560e-01 3.713702178419241440e-01
1.000000000000000000e+00 9.000000000000000000e+00 6.000000000000000000e+04 6.506263191467107632e-01 3.493736808532891813e-01
1.000000000000000000e+00 0.000000000000000000e+00 6.500000000000000000e+04 4.429150219532537180e-01 5.570849780467462820e-01
1.000000000000000000e+00 1.000000000000000000e+00 6.500000000000000000e+04 4.665775361006337940e-01 5.334224638993662060e-01
1.000000000000000000e+00 2.000000000000000000e+00 6.500000000000000000e+04 4.903913938176605036e-01 5.096086061823394964e-01
1.000000000000000000e+00 3.000000000000000000e+00 6.500000000000000000e+04 5.142489399530830729e-01 4.857510600469169271e-01
1.000000000000000000e+00 4.000000000000000000e+00 6.500000000000000000e+04 5.380417276316643571e-01 4.619582723683356429e-01
1.000000000000000000e+00 5.000000000000000000e+00 6.500000000000000000e+04 5.616624827602129111e-01 4.383375172397870889e-01
1.000000000000000000e+00 6.000000000000000000e+00 6.500000000000000000e+04 5.850070236525575229e-01 4.149929763474424216e-01
1.000000000000000000e+00 7.000000000000000000e+00 6.500000000000000000e+04 6.079760634931781205e-01 3.920239365068219350e-01
1.000000000000000000e+00 8.000000000000000000e+00 6.500000000000000000e+04 6.304768309017469985e-01 3.695231690982530015e-01
1.000000000000000000e+00 9.000000000000000000e+00 6.500000000000000000e+04 6.524244552865732238e-01 3.475755447134267762e-01
1.000000000000000000e+00 0.000000000000000000e+00 7.000000000000000000e+04 4.448700670778192867e-01 5.551299329221807133e-01
1.000000000000000000e+00 1.000000000000000000e+00 7.000000000000000000e+04 4.685491807141425324e-01 5.314508192858574676e-01
1.000000000000000000e+00 2.000000000000000000e+00 7.000000000000000000e+04 4.923707829458903174e-01 5.076292170541096826e-01
1.000000000000000000e+00 3.000000000000000000e+00 7.000000000000000000e+04 5.162270784332588791e-01 4.837729215667411209e-01
1.000000000000000000e+00 4.000000000000000000e+00 7.000000000000000000e+04 5.400096429954465149e-01 4.599903570045534851e-01
1.000000000000000000e+00 5.000000000000000000e+00 7.000000000000000000e+04 5.636113872458720087e-01 4.363886127541279913e-01
1.000000000000000000e+00 6.000000000000000000e+00 7.000000000000000000e+04 5.869284691709983903e-01 4.130715308290016097e-01
1.000000000000000000e+00 7.000000000000000000e+00 7.000000000000000000e+04 6.098620838300270464e-01 3.901379161699730092e-01
1.000000000000000000e+00 8.000000000000000000e+00 7.000000000000000000e+04 6.323200662509051995e-01 3.676799337490948560e-01
1.000000000000000000e+00 9.000000000000000000e+00 7.000000000000000000e+04 6.542182553014022073e-01 3.457817446985977927e-01
1.000000000000000000e+00 0.000000000000000000e+00 7.500000000000000000e+04 4.468268201810678963e-01 5.531731798189321037e-01
1.000000000000000000e+00 1.000000000000000000e+00 7.500000000000000000e+04 4.705218077931819787e-01 5.294781922068180213e-01
1.000000000000000000e+00 2.000000000000000000e+00 7.500000000000000000e+04 4.943504112877524781e-01 5.056495887122475219e-01
1.000000000000000000e+00 3.000000000000000000e+00 7.500000000000000000e+04 5.182047085319230195e-01 4.817952914680769805e-01
1.000000000000000000e+00 4.000000000000000000e+00 7.500000000000000000e+04 5.419763116016098614e-01 4.580236883983901386e-01
1.000000000000000000e+00 5.000000000000000000e+00 7.500000000000000000e+04 5.655583290256942508e-01 4.344416709743058047e-01
1.000000000000000000e+00 6.000000000000000000e+00 7.500000000000000000e+04 5.888472708215771734e-01 4.111527291784228266e-01
1.000000000000000000e+00 7.000000000000000000e+00 7.500000000000000000e+04 6.117448249886399125e-01 3.882551750113600875e-01
1.000000000000000000e+00 8.000000000000000000e+00 7.500000000000000000e+04 6.341594423746332865e-01 3.658405576253667690e-01
1.000000000000000000e+00 9.000000000000000000e+00 7.500000000000000000e+04 6.560076788032429551e-01 3.439923211967569894e-01
1.000000000000000000e+00 0.000000000000000000e+00 8.000000000000000000e+04 4.487852220545058834e-01 5.512147779454941166e-01
1.000000000000000000e+00 1.000000000000000000e+00 8.000000000000000000e+04 4.724953561609814834e-01 5.275046438390185166e-01
1.000000000000000000e+00 2.000000000000000000e+00 8.000000000000000000e+04 4.963302167907520657e-01 5.036697832092479343e-01
1.000000000000000000e+00 3.000000000000000000e+00 8.000000000000000000e+04 5.201817684469975944e-01 4.798182315530023501e-01
1.000000000000000000e+00 4.000000000000000000e+00 8.000000000000000000e+04 5.439416730150056223e-01 4.560583269849943777e-01
1.000000000000000000e+00 5.000000000000000000e+00 8.000000000000000000e+04 5.675032500957559733e-01 4.324967499042439711e-01
1.000000000000000000e+00 6.000000000000000000e+00 8.000000000000000000e+04 5.907633740044856419e-01 4.092366259955143581e-01
1.000000000000000000e+00 7.000000000000000000e+00 8.000000000000000000e+04 6.136242366214450517e-01 3.863757633785549483e-01
1.000000000000000000e+00 8.000000000000000000e+00 8.000000000000000000e+04 6.359949138752828413e-01 3.640050861247171587e-01
1.000000000000000000e+00 9.000000000000000000e+00 8.000000000000000000e+04 6.577926858748155414e-01 3.422073141251845141e-01
1.000000000000000000e+00 0.000000000000000000e+00 8.500000000000000000e+04 4.507452132863164485e-01 5.492547867136835515e-01
1.000000000000000000e+00 1.000000000000000000e+00 8.500000000000000000e+04 4.744697645258009189e-01 5.255302354741990811e-01
1.000000000000000000e+00 2.000000000000000000e+00 8.500000000000000000e+04 4.983101373801742673e-01 5.016898626198257327e-01
1.000000000000000000e+00 3.000000000000000000e+00 8.500000000000000000e+04 5.221581964477900462e-01 4.778418035522099538e-01
1.000000000000000000e+00 4.000000000000000000e+00 8.500000000000000000e+04 5.459056669627335712e-01 4.540943330372663733e-01
1.000000000000000000e+00 5.000000000000000000e+00 8.500000000000000000e+04 5.694460926990871918e-01 4.305539073009128637e-01
1.000000000000000000e+00 6.000000000000000000e+00 8.500000000000000000e+04 5.926767244423952752e-01 4.073232755576047248e-01
1.000000000000000000e+00 7.000000000000000000e+00 8.500000000000000000e+04 6.155002687672550543e-01 3.844997312327450012e-01
1.000000000000000000e+00 8.000000000000000000e+00 8.500000000000000000e+04 6.378264357921303862e-01 3.621735642078696693e-01
1.000000000000000000e+00 9.000000000000000000e+00 8.500000000000000000e+04 6.595732370719629145e-01 3.404267629280371410e-01
1.000000000000000000e+00 0.000000000000000000e+00 9.000000000000000000e+04 4.527067342684415463e-01 5.472932657315584537e-01
1.000000000000000000e+00 1.000000000000000000e+00 9.000000000000000000e+04 4.764449714885069520e-01 5.235550285114930480e-01
1.000000000000000000e+00 2.000000000000000000e+00 9.000000000000000000e+04 5.002901109668684843e-01 4.997098890331314602e-01
1.000000000000000000e+00 3.000000000000000000e+00 9.000000000000000000e+04 5.241339308826852283e-01 4.758660691173147717e-01
1.000000000000000000e+00 4.000000000000000000e+00 9.000000000000000000e+04 5.478682333414497396e-01 4.521317666585503159e-01
1.000000000000000000e+00 5.000000000000000000e+00 9.000000000000000000e+04 5.713867993323246131e-01 4.286132006676753869e-01
1.000000000000000000e+00 6.000000000000000000e+00 9.000000000000000000e+04 5.945872681862307552e-01 4.054127318137691893e-01
1.000000000000000000e+00 7.000000000000000000e+00 9.000000000000000000e+04 6.173728718559872153e-01 3.826271281440127292e-01
1.000000000000000000e+00 8.000000000000000000e+00 9.000000000000000000e+04 6.396539636049343169e-01 3.603460363950657386e-01
1.000000000000000000e+00 9.000000000000000000e+00 9.000000000000000000e+04 6.613492934259979084e-01 3.386507065740021472e-01
1.000000000000000000e+00 0.000000000000000000e+00 9.500000000000000000e+04 4.546697252037156245e-01 5.453302747962843755e-01
1.000000000000000000e+00 1.000000000000000000e+00 9.500000000000000000e+04 4.784209155501767397e-01 5.215790844498232603e-01
1.000000000000000000e+00 2.000000000000000000e+00 9.500000000000000000e+04 5.022700754550362134e-01 4.977299245449638421e-01
1.000000000000000000e+00 3.000000000000000000e+00 9.500000000000000000e+04 5.261089101868164919e-01 4.738910898131835081e-01
1.000000000000000000e+00 4.000000000000000000e+00 9.500000000000000000e+04 5.498293122246280529e-01 4.501706877753720026e-01
1.000000000000000000e+00 5.000000000000000000e+00 9.500000000000000000e+04 5.733253127523012527e-01 4.266746872476987473e-01
1.000000000000000000e+00 6.000000000000000000e+00 9.500000000000000000e+04 5.964949516208619684e-01 4.035050483791380871e-01
1.000000000000000000e+00 7.000000000000000000e+00 9.500000000000000000e+04 6.192419967132911651e-01 3.807580032867087794e-01
1.000000000000000000e+00 8.000000000000000000e+00 9.500000000000000000e+04 6.414774532373925808e-01 3.585225467626074192e-01
1.000000000000000000e+00 9.000000000000000000e+00 9.500000000000000000e+04 6.631208164459495569e-01 3.368791835540504431e-01
1.000000000000000000e+00 0.000000000000000000e+00 1.000000000000000000e+05 4.566341261130475448e-01 5.433658738869524552e-01
1.000000000000000000e+00 1.000000000000000000e+00 1.000000000000000000e+05 4.803975351197291577e-01 5.196024648802708423e-01
1.000000000000000000e+00 2.000000000000000000e+00 1.000000000000000000e+05 5.042499687500194838e-01 4.957500312499804607e-01
1.000000000000000000e+00 3.000000000000000000e+00 1.000000000000000000e+05 5.280830728897144555e-01 4.719169271102855445e-01
1.000000000000000000e+00 4.000000000000000000e+00 1.000000000000000000e+05 5.517888438697782227e-01 4.482111561302218328e-01
1.000000000000000000e+00 5.000000000000000000e+00 1.000000000000000000e+05 5.752615759825675523e-01 4.247384240174324477e-01
1.000000000000000000e+00 6.000000000000000000e+00 1.000000000000000000e+05 5.983997214707121870e-01 4.016002785292878685e-01
1.000000000000000000e+00 7.000000000000000000e+00 1.000000000000000000e+05 6.211075945650823549e-01 3.788924054349177006e-01
1.000000000000000000e+00 8.000000000000000000e+00 1.000000000000000000e+05 6.432968610605007687e-01 3.567031389394992869e-01
1.000000000000000000e+00 9.000000000000000000e+00 1.000000000000000000e+05 6.648877681207095991e-01 3.351122318792904009e-01
1.000000000000000000e+00 0.000000000000000000e+00 1.050000000000000000e+05 4.585998768426513550e-01 5.414001231573486450e-01
1.000000000000000000e+00 1.000000000000000000e+00 1.050000000000000000e+05 4.823747685215801217e-01 5.176252314784198783e-01
1.000000000000000000e+00 2.000000000000000000e+00 1.050000000000000000e+05 5.062297287660918466e-01 4.937702712339081534e-01
1.000000000000000000e+00 3.000000000000000000e+00 1.050000000000000000e+05 5.300563576229302409e-01 4.699436423770697591e-01
1.000000000000000000e+00 4.000000000000000000e+00 1.050000000000000000e+05 5.537467687256127924e-01 4.462532312743871521e-01
1.000000000000000000e+00 5.000000000000000000e+00 1.050000000000000000e+05 5.771955323198456611e-01 4.228044676801542834e-01
1.000000000000000000e+00 6.000000000000000000e+00 1.050000000000000000e+05 6.003015248052842034e-01 3.996984751947157966e-01
1.000000000000000000e+00 7.000000000000000000e+00 1.050000000000000000e+05 6.229696170419798396e-01 3.770303829580201604e-01
1.000000000000000000e+00 8.000000000000000000e+00 1.050000000000000000e+05 6.451121438958089538e-01 3.548878561041910462e-01
1.000000000000000000e+00 9.000000000000000000e+00 1.050000000000000000e+05 6.666501109210780651e-01 3.333498890789219349e-01
1.000000000000000000e+00 0.000000000000000000e+00 1.100000000000000000e+05 4.605669170713220240e-01 5.394330829286779760e-01
1.000000000000000000e+00 1.000000000000000000e+00 1.100000000000000000e+05 4.843525540033203347e-01 5.156474459966796653e-01
1.000000000000000000e+00 2.000000000000000000e+00 1.100000000000000000e+05 5.082092934342435919e-01 4.917907065657564081e-01
1.000000000000000000e+00 3.000000000000000000e+00 1.100000000000000000e+05 5.320287031276313972e-01 4.679712968723686584e-01
1.000000000000000000e+00 4.000000000000000000e+00 1.100000000000000000e+05 5.557030274391667746e-01 4.442969725608332809e-01
1.000000000000000000e+00 5.000000000000000000e+00 1.100000000000000000e+05 5.791271253404136621e-01 4.208728746595863379e-01
1.000000000000000000e+00 6.000000000000000000e+00 1.100000000000000000e+05 6.022003090445999796e-01 3.977996909554000760e-01
1.000000000000000000e+00 7.000000000000000000e+00 1.100000000000000000e+05 6.248280161836512470e-01 3.751719838163486975e-01
1.000000000000000000e+00 8.000000000000000000e+00 1.100000000000000000e+05 6.469232590185806098e-01 3.530767409814193902e-01
1.000000000000000000e+00 9.000000000000000000e+00 1.100000000000000000e+05 6.684078078017088309e-01 3.315921921982911691e-01
1.000000000000000000e+00 0.000000000000000000e+00 1.150000000000000000e+05 4.625351863177554756e-01 5.374648136822445244e-01
1.000000000000000000e+00 1.000000000000000000e+00 1.150000000000000000e+05 4.863308297434132399e-01 5.136691702565867601e-01
1.000000000000000000e+00 2.000000000000000000e+00 1.150000000000000000e+05 5.101886007099654119e-01 4.898113992900345881e-01
1.000000000000000000e+00 3.000000000000000000e+00 1.150000000000000000e+05 5.340000482621694022e-01 4.659999517378305978e-01
1.000000000000000000e+00 4.000000000000000000e+00 1.150000000000000000e+05 5.576575608628627778e-01 4.423424391371372222e-01
1.000000000000000000e+00 5.000000000000000000e+00 1.150000000000000000e+05 5.810562989064185224e-01 4.189437010935815331e-01
1.000000000000000000e+00 6.000000000000000000e+00 1.150000000000000000e+05 6.040960219645545859e-01 3.959039780354454696e-01
1.000000000000000000e+00 7.000000000000000000e+00 1.150000000000000000e+05 6.266827444430596028e-01 3.733172555569403972e-01
1.000000000000000000e+00 8.000000000000000000e+00 1.150000000000000000e+05 6.487301641608481662e-01 3.512698358391518338e-01
1.000000000000000000e+00 9.000000000000000000e+00 1.150000000000000000e+05 6.701608222029561412e-01 3.298391777970438588e-01
1.000000000000000000e+00 0.000000000000000000e+00 1.200000000000000000e+05 4.645046239479105887e-01 5.354953760520894113e-01
1.000000000000000000e+00 1.000000000000000000e+00 1.200000000000000000e+05 4.883095338589117373e-01 5.116904661410882627e-01
1.000000000000000000e+00 2.000000000000000000e+00 1.200000000000000000e+05 5.121675885810237361e-01 4.878324114189762639e-01
1.000000000000000000e+00 3.000000000000000000e+00 1.200000000000000000e+05 5.359703320096160795e-01 4.640296679903839761e-01
1.000000000000000000e+00 4.000000000000000000e+00 1.200000000000000000e+05 5.596103100615256176e-01 4.403896899384743824e-01
1.000000000000000000e+00 5.000000000000000000e+00 1.200000000000000000e+05 5.829829971721163240e-01 4.170170028278836205e-01
1.000000000000000000e+00 6.000000000000000000e+00 1.200000000000000000e+05 6.059886117021835439e-01 3.940113882978165116e-01
1.000000000000000000e+00 7.000000000000000000e+00 1.200000000000000000e+05 6.285337546906140105e-01 3.714662453093859895e-01
1.000000000000000000e+00 8.000000000000000000e+00 1.200000000000000000e+05 6.505328175143705316e-01 3.494671824856294129e-01
1.000000000000000000e+00 9.000000000000000000e+00 1.200000000000000000e+05 6.719091180526211016e-01 3.280908819473789539e-01
1.000000000000000000e+00 0.000000000000000000e+00 1.250000000000000000e+05 4.664751691824113866e-01 5.335248308175886134e-01
1.000000000000000000e+00 1.000000000000000000e+00 1.250000000000000000e+05 4.902886044131909982e-01 5.097113955868090018e-01
1.000000000000000000e+00 2.000000000000000000e+00 1.250000000000000000e+05 5.141461950752279630e-01 4.858538049247719814e-01
1.000000000000000000e+00 3.000000000000000000e+00 1.250000000000000000e+05 5.379394934852662624e-01 4.620605065147337376e-01
1.000000000000000000e+00 4.000000000000000000e+00 1.250000000000000000e+05 5.615612163193397510e-01 4.384387836806603045e-01
1.000000000000000000e+00 5.000000000000000000e+00 1.250000000000000000e+05 5.849071645900405514e-01 4.150928354099593931e-01
1.000000000000000000e+00 6.000000000000000000e+00 1.250000000000000000e+05 6.078780267608414611e-01 3.921219732391585389e-01
1.000000000000000000e+00 7.000000000000000000e+00 1.250000000000000000e+05 6.303810002182246297e-01 3.696189997817753148e-01
1.000000000000000000e+00 8.000000000000000000e+00 1.250000000000000000e+05 6.523311777334888095e-01 3.476688222665111350e-01
1.000000000000000000e+00 9.000000000000000000e+00 1.250000000000000000e+05 6.736526597675984718e-01 3.263473402324014727e-01
1.000000000000000000e+00 0.000000000000000000e+00 1.300000000000000000e+05 4.684467611039878632e-01 5.315532388960121368e-01
1.000000000000000000e+00 1.000000000000000000e+00 1.300000000000000000e+05 4.922679794236954898e-01 5.077320205763045102e-01
1.000000000000000000e+00 2.000000000000000000e+00 1.300000000000000000e+05 5.161243582681871445e-01 4.838756417318128555e-01
1.000000000000000000e+00 3.000000000000000000e+00 1.300000000000000000e+05 5.399074719441063763e-01 4.600925280558935682e-01
1.000000000000000000e+00 4.000000000000000000e+00 1.300000000000000000e+05 5.635102211467500899e-01 4.364897788532499101e-01
1.000000000000000000e+00 5.000000000000000000e+00 1.300000000000000000e+05 5.868287459170915543e-01 4.131712540829083902e-01
1.000000000000000000e+00 6.000000000000000000e+00 1.300000000000000000e+05 6.097642160152927371e-01 3.902357839847072629e-01
1.000000000000000000e+00 7.000000000000000000e+00 1.300000000000000000e+05 6.322244347432589562e-01 3.677755652567410438e-01
1.000000000000000000e+00 8.000000000000000000e+00 1.300000000000000000e+05 6.541252039378812055e-01 3.458747960621187945e-01
1.000000000000000000e+00 9.000000000000000000e+00 1.300000000000000000e+05 6.753914122554258714e-01 3.246085877445741286e-01
1.000000000000000000e+00 0.000000000000000000e+00 1.350000000000000000e+05 4.704193386649524466e-01 5.295806613350475534e-01
1.000000000000000000e+00 1.000000000000000000e+00 1.350000000000000000e+05 4.942475968696986577e-01 5.057524031303013423e-01
1.000000000000000000e+00 2.000000000000000000e+00 1.350000000000000000e+05 5.181020162910542348e-01 4.818979837089457652e-01
1.000000000000000000e+00 3.000000000000000000e+00 1.350000000000000000e+05 5.418742067882463820e-01 4.581257932117536180e-01
1.000000000000000000e+00 4.000000000000000000e+00 1.350000000000000000e+05 5.654572662873051936e-01 4.345427337126948619e-01
1.000000000000000000e+00 5.000000000000000000e+00 1.350000000000000000e+05 5.887476862205529571e-01 4.112523137794470429e-01
1.000000000000000000e+00 6.000000000000000000e+00 1.350000000000000000e+05 6.116471287167108972e-01 3.883528712832891028e-01
1.000000000000000000e+00 7.000000000000000000e+00 1.350000000000000000e+05 6.340640124124002908e-01 3.659359875875997092e-01
1.000000000000000000e+00 8.000000000000000000e+00 1.350000000000000000e+05 6.559148557152174597e-01 3.440851442847824848e-01
1.000000000000000000e+00 9.000000000000000000e+00 1.350000000000000000e+05 6.771253409157327319e-01 3.228746590842672681e-01
1.000000000000000000e+00 0.000000000000000000e+00 1.400000000000000000e+05 4.723928406947117686e-01 5.276071593052882314e-01
1.000000000000000000e+00 1.000000000000000000e+00 1.400000000000000000e+05 4.962273947000721552e-01 5.037726052999278448e-01
1.000000000000000000e+00 2.000000000000000000e+00 1.400000000000000000e+05 5.200791073382544649e-01 4.799208926617455351e-01
1.000000000000000000e+00 3.000000000000000000e+00 1.400000000000000000e+05 5.438396375743116407e-01 4.561603624256883593e-01
1.000000000000000000e+00 4.000000000000000000e+00 1.400000000000000000e+05 5.674022937244391773e-01 4.325977062755608227e-01
1.000000000000000000e+00 5.000000000000000000e+00 1.400000000000000000e+05 5.906639308840280211e-01 4.093360691159719233e-01
1.000000000000000000e+00 6.000000000000000000e+00 1.400000000000000000e+05 6.135267144975884435e-01 3.864732855024115010e-01
1.000000000000000000e+00 7.000000000000000000e+00 1.400000000000000000e+05 6.358996878054077317e-01 3.641003121945922683e-01
1.000000000000000000e+00 8.000000000000000000e+00 1.400000000000000000e+05 6.577000931237128034e-01 3.422999068762871966e-01
1.000000000000000000e+00 9.000000000000000000e+00 1.400000000000000000e+05 6.788544116415928809e-01 3.211455883584070636e-01
1.000000000000000000e+00 0.000000000000000000e+00 1.450000000000000000e+05 4.743672059073104075e-01 5.256327940926895925e-01
1.000000000000000000e+00 1.000000000000000000e+00 1.450000000000000000e+05 4.982073108410636220e-01 5.017926891589363780e-01
1.000000000000000000e+00 2.000000000000000000e+00 1.450000000000000000e+05 5.220555696751985053e-01 4.779444303248014947e-01
1.000000000000000000e+00 3.000000000000000000e+00 1.450000000000000000e+05 5.458037040207955881e-01 4.541962959792044119e-01
1.000000000000000000e+00 4.000000000000000000e+00 1.450000000000000000e+05 5.693452456881922252e-01 4.306547543118077748e-01
1.000000000000000000e+00 5.000000000000000000e+00 1.450000000000000000e+05 5.925774256132978479e-01 4.074225743867021521e-01
1.000000000000000000e+00 6.000000000000000000e+00 1.450000000000000000e+05 6.154029233765546669e-01 3.845970766234453331e-01
1.000000000000000000e+00 7.000000000000000000e+00 1.450000000000000000e+05 6.377314159387785786e-01 3.622685840612214769e-01
1.000000000000000000e+00 8.000000000000000000e+00 1.450000000000000000e+05 6.594808766945804424e-01 3.405191233054195576e-01
1.000000000000000000e+00 9.000000000000000000e+00 1.450000000000000000e+05 6.805785908207782064e-01 3.194214091792218491e-01
1.000000000000000000e+00 0.000000000000000000e+00 1.500000000000000000e+05 4.763423729090050518e-01 5.236576270909949482e-01
1.000000000000000000e+00 1.000000000000000000e+00 1.500000000000000000e+05 5.001872832040803463e-01 4.998127167959195982e-01
1.000000000000000000e+00 2.000000000000000000e+00 1.500000000000000000e+05 5.240313416459750906e-01 4.759686583540249094e-01
1.000000000000000000e+00 3.000000000000000000e+00 1.500000000000000000e+05 5.477663460153689989e-01 4.522336539846310566e-01
1.000000000000000000e+00 4.000000000000000000e+00 1.500000000000000000e+05 5.712860646618679317e-01 4.287139353381320683e-01
1.000000000000000000e+00 5.000000000000000000e+00 1.500000000000000000e+05 5.944881164420988684e-01 4.055118835579011316e-01
1.000000000000000000e+00 6.000000000000000000e+00 1.500000000000000000e+05 6.172757057631006461e-01 3.827242942368994094e-01
1.000000000000000000e+00 7.000000000000000000e+00 1.500000000000000000e+05 6.395591522693091502e-01 3.604408477306908498e-01
1.000000000000000000e+00 8.000000000000000000e+00 1.500000000000000000e+05 6.612571674343841188e-01 3.387428325656158812e-01
1.000000000000000000e+00 9.000000000000000000e+00 1.500000000000000000e+05 6.822978453369149543e-01 3.177021546630850457e-01
1.000000000000000000e+00 0.000000000000000000e+00 1.550000000000000000e+05 4.783182802058678629e-01 5.216817197941321371e-01
1.000000000000000000e+00 1.000000000000000000e+00 1.550000000000000000e+05 5.021672496934771468e-01 4.978327503065228532e-01
1.000000000000000000e+00 2.000000000000000000e+00 1.550000000000000000e+05 5.260063616810241038e-01 4.739936383189758962e-01
1.000000000000000000e+00 3.000000000000000000e+00 1.550000000000000000e+05 5.497275036221451749e-01 4.502724963778547695e-01
1.000000000000000000e+00 4.000000000000000000e+00 1.550000000000000000e+05 5.732246933886249174e-01 4.267753066113750826e-01
1.000000000000000000e+00 5.000000000000000000e+00 1.550000000000000000e+05 5.963959497378190644e-01 4.036040502621809911e-01
1.000000000000000000e+00 6.000000000000000000e+00 1.550000000000000000e+05 6.191450124622115414e-01 3.808549875377884031e-01
1.000000000000000000e+00 7.000000000000000000e+00 1.550000000000000000e+05 6.413828526975585698e-01 3.586171473024414302e-01
1.000000000000000000e+00 8.000000000000000000e+00 1.550000000000000000e+05 6.630289268272895331e-01 3.369710731727104114e-01
1.000000000000000000e+00 9.000000000000000000e+00 1.550000000000000000e+05 6.840121425705445457e-01 3.159878574294555098e-01
1.000000000000000000e+00 0.000000000000000000e+00 1.600000000000000000e+05 4.802948662114154832e-01 5.197051337885845168e-01
1.000000000000000000e+00 1.000000000000000000e+00 1.600000000000000000e+05 5.041471482143453642e-01 4.958528517856546358e-01
1.000000000000000000e+00 2.000000000000000000e+00 1.600000000000000000e+05 5.279805683047860132e-01 4.720194316952140423e-01
1.000000000000000000e+00 3.000000000000000000e+00 1.600000000000000000e+05 5.516871170888995035e-01 4.483128829111005520e-01
1.000000000000000000e+00 4.000000000000000000e+00 1.600000000000000000e+05 5.751610748780024984e-01 4.248389251219975016e-01
1.000000000000000000e+00 5.000000000000000000e+00 1.600000000000000000e+05 5.983008722071108121e-01 4.016991277928892434e-01
1.000000000000000000e+00 6.000000000000000000e+00 1.600000000000000000e+05 6.210107946789052979e-01 3.789892053210947021e-01
1.000000000000000000e+00 7.000000000000000000e+00 1.600000000000000000e+05 6.432024735712114083e-01 3.567975264287885917e-01
1.000000000000000000e+00 8.000000000000000000e+00 1.600000000000000000e+05 6.647961168372162888e-01 3.352038831627836557e-01
1.000000000000000000e+00 9.000000000000000000e+00 1.600000000000000000e+05 6.857214504000864741e-01 3.142785495999135259e-01
1.000000000000000000e+00 0.000000000000000000e+00 1.650000000000000000e+05 4.822720692542635801e-01 5.177279307457364199e-01
1.000000000000000000e+00 1.000000000000000000e+00 1.650000000000000000e+05 5.061269166803026298e-01 4.938730833196973147e-01
1.000000000000000000e+00 2.000000000000000000e+00 1.650000000000000000e+05 5.299539001433259955e-01 4.700460998566739490e-01
1.000000000000000000e+00 3.000000000000000000e+00 1.650000000000000000e+05 5.536451268542385007e-01 4.463548731457614993e-01
1.000000000000000000e+00 4.000000000000000000e+00 1.650000000000000000e+05 5.770951524123784093e-01 4.229048475876215352e-01
1.000000000000000000e+00 5.000000000000000000e+00 1.650000000000000000e+05 6.002028309014209029e-01 3.997971690985790416e-01
1.000000000000000000e+00 6.000000000000000000e+00 1.650000000000000000e+05 6.228730040226759801e-01 3.771269959773240199e-01
1.000000000000000000e+00 7.000000000000000000e+00 1.650000000000000000e+05 6.450179716883404080e-01 3.549820283116595920e-01
1.000000000000000000e+00 8.000000000000000000e+00 1.650000000000000000e+05 6.665586999098880305e-01 3.334413000901119695e-01
1.000000000000000000e+00 9.000000000000000000e+00 1.650000000000000000e+05 6.874257372027068325e-01 3.125742627972931675e-01
1.000000000000000000e+00 0.000000000000000000e+00 1.700000000000000000e+05 4.842498275858034829e-01 5.157501724141965171e-01
1.000000000000000000e+00 1.000000000000000000e+00 1.700000000000000000e+05 5.081064930212797481e-01 4.918935069787201964e-01
1.000000000000000000e+00 2.000000000000000000e+00 1.700000000000000000e+05 5.319262959319326356e-01 4.680737040680674199e-01
1.000000000000000000e+00 3.000000000000000000e+00 1.700000000000000000e+05 5.556014735547233352e-01 4.443985264452766648e-01
1.000000000000000000e+00 4.000000000000000000e+00 1.700000000000000000e+05 5.790268695533562493e-01 4.209731304466438062e-01
1.000000000000000000e+00 5.000000000000000000e+00 1.700000000000000000e+05 6.021017732224349661e-01 3.978982267775650339e-01
1.000000000000000000e+00 6.000000000000000000e+00 1.700000000000000000e+05 6.247315925118419599e-01 3.752684074881580401e-01
1.000000000000000000e+00 7.000000000000000000e+00 1.700000000000000000e+05 6.468293043005693965e-01 3.531706956994306035e-01
1.000000000000000000e+00 8.000000000000000000e+00 1.700000000000000000e+05 6.683166389747843272e-01 3.316833610252157283e-01
1.000000000000000000e+00 9.000000000000000000e+00 1.700000000000000000e+05 6.891249718550904735e-01 3.108750281449094710e-01
1.000000000000000000e+00 0.000000000000000000e+00 1.750000000000000000e+05 4.862280793878986929e-01 5.137719206121013071e-01
1.000000000000000000e+00 1.000000000000000000e+00 1.750000000000000000e+05 5.100858151913036931e-01 4.899141848086963624e-01
1.000000000000000000e+00 2.000000000000000000e+00 1.750000000000000000e+05 5.338976945226857618e-01 4.661023054773142382e-01
1.000000000000000000e+00 3.000000000000000000e+00 1.750000000000000000e+05 5.575560980319369531e-01 4.424439019680630469e-01
1.000000000000000000e+00 4.000000000000000000e+00 1.750000000000000000e+05 5.809561701480820961e-01 4.190438298519179039e-01
1.000000000000000000e+00 5.000000000000000000e+00 1.750000000000000000e+05 6.039976469274358495e-01 3.960023530725641505e-01
1.000000000000000000e+00 6.000000000000000000e+00 1.750000000000000000e+05 6.265865125777991818e-01 3.734134874222007627e-01
1.000000000000000000e+00 7.000000000000000000e+00 1.750000000000000000e+05 6.486364291161358375e-01 3.513635708838641625e-01
1.000000000000000000e+00 8.000000000000000000e+00 1.750000000000000000e+05 6.700698974469910807e-01 3.299301025530089193e-01
1.000000000000000000e+00 9.000000000000000000e+00 1.750000000000000000e+05 6.908191237341195778e-01 3.091808762658804222e-01
1.000000000000000000e+00 0.000000000000000000e+00 1.800000000000000000e+05 4.882067627806012666e-01 5.117932372193987334e-01
1.000000000000000000e+00 1.000000000000000000e+00 1.800000000000000000e+05 5.120648211762728330e-01 4.879351788237271670e-01
1.000000000000000000e+00 2.000000000000000000e+00 1.800000000000000000e+05 5.358680348919946379e-01 4.641319651080053066e-01
1.000000000000000000e+00 3.000000000000000000e+00 1.800000000000000000e+05 5.595089413395016864e-01 4.404910586604983136e-01
1.000000000000000000e+00 4.000000000000000000e+00 1.800000000000000000e+05 5.828829983354900657e-01 4.171170016645099343e-01
1.000000000000000000e+00 5.000000000000000000e+00 1.800000000000000000e+05 6.058904001345752910e-01 3.941095998654246535e-01
1.000000000000000000e+00 6.000000000000000000e+00 1.800000000000000000e+05 6.284377170691769487e-01 3.715622829308230513e-01
1.000000000000000000e+00 7.000000000000000000e+00 1.800000000000000000e+05 6.504393043028520172e-01 3.495606956971479273e-01
1.000000000000000000e+00 8.000000000000000000e+00 1.800000000000000000e+05 6.718184392289530127e-01 3.281815607710469318e-01
1.000000000000000000e+00 9.000000000000000000e+00 1.800000000000000000e+05 6.925081627174574095e-01 3.074918372825426460e-01
1.000000000000000000e+00 0.000000000000000000e+00 1.850000000000000000e+05 4.901858158298831869e-01 5.098141841701168131e-01
1.000000000000000000e+00 1.000000000000000000e+00 1.850000000000000000e+05 5.140434490017262714e-01 4.859565509982737841e-01
1.000000000000000000e+00 2.000000000000000000e+00 1.850000000000000000e+05 5.378372561481035152e-01 4.621627438518964293e-01
1.000000000000000000e+00 3.000000000000000000e+00 1.850000000000000000e+05 5.614599447500392415e-01 4.385400552499608140e-01
1.000000000000000000e+00 4.000000000000000000e+00 1.850000000000000000e+05 5.848072985524714884e-01 4.151927014475285116e-01
1.000000000000000000e+00 5.000000000000000000e+00 1.850000000000000000e+05 6.077799813280579944e-01 3.922200186719420612e-01
1.000000000000000000e+00 6.000000000000000000e+00 1.850000000000000000e+05 6.302851592558966765e-01 3.697148407441032680e-01
1.000000000000000000e+00 7.000000000000000000e+00 1.850000000000000000e+05 6.522378884909667551e-01 3.477621115090333004e-01
1.000000000000000000e+00 8.000000000000000000e+00 1.850000000000000000e+05 6.735622287121257878e-01 3.264377712878742122e-01
1.000000000000000000e+00 9.000000000000000000e+00 1.850000000000000000e+05 6.941920591840391452e-01 3.058079408159609103e-01
1.000000000000000000e+00 0.000000000000000000e+00 1.900000000000000000e+05 4.921651765553837210e-01 5.078348234446162790e-01
1.000000000000000000e+00 1.000000000000000000e+00 1.900000000000000000e+05 5.160216367405998650e-01 4.839783632594001350e-01
1.000000000000000000e+00 2.000000000000000000e+00 1.900000000000000000e+05 5.398052975385607688e-01 4.601947024614391757e-01
1.000000000000000000e+00 3.000000000000000000e+00 1.900000000000000000e+05 5.634090497620749538e-01 4.365909502379250462e-01
1.000000000000000000e+00 4.000000000000000000e+00 1.900000000000000000e+05 5.867290155399715879e-01 4.132709844600284677e-01
1.000000000000000000e+00 5.000000000000000000e+00 1.900000000000000000e+05 6.096663393632351102e-01 3.903336606367649453e-01
1.000000000000000000e+00 6.000000000000000000e+00 1.900000000000000000e+05 6.321287928331347228e-01 3.678712071668652772e-01
1.000000000000000000e+00 7.000000000000000000e+00 1.900000000000000000e+05 6.540321407759250860e-01 3.459678592240748585e-01
1.000000000000000000e+00 8.000000000000000000e+00 1.900000000000000000e+05 6.753012307785291046e-01 3.246987692214708399e-01
1.000000000000000000e+00 9.000000000000000000e+00 1.900000000000000000e+05 6.958707840144702228e-01 3.041292159855297217e-01
1.000000000000000000e+00 0.000000000000000000e+00 1.950000000000000000e+05 4.941447829381672152e-01 5.058552170618327848e-01
1.000000000000000000e+00 1.000000000000000000e+00 1.950000000000000000e+05 5.179993225209713614e-01 4.820006774790285831e-01
1.000000000000000000e+00 2.000000000000000000e+00 1.950000000000000000e+05 5.417720984576531729e-01 4.582279015423468271e-01
1.000000000000000000e+00 3.000000000000000000e+00 1.950000000000000000e+05 5.653561981068842002e-01 4.346438018931157443e-01
1.000000000000000000e+00 4.000000000000000000e+00 1.950000000000000000e+05 5.886480943490075557e-01 4.113519056509924443e-01
1.000000000000000000e+00 5.000000000000000000e+00 1.950000000000000000e+05 6.115494234716104538e-01 3.884505765283895462e-01
1.000000000000000000e+00 6.000000000000000000e+00 1.950000000000000000e+05 6.339685719251846319e-01 3.660314280748153126e-01
1.000000000000000000e+00 7.000000000000000000e+00 1.950000000000000000e+05 6.558220207210287978e-01 3.441779792789711467e-01
1.000000000000000000e+00 8.000000000000000000e+00 1.950000000000000000e+05 6.770354108022025308e-01 3.229645891977974137e-01
1.000000000000000000e+00 9.000000000000000000e+00 1.950000000000000000e+05 6.975443085913324293e-01 3.024556914086675707e-01
